N,a,x2,tau,k,x1,LAM1,LAM2
1,1,-5,NaN,NaN,NaN,NaN+0i,NaN+0i
2,1,-5,NaN,NaN,NaN,NaN+0i,NaN+0i
3,1,-4.9,56.9606500132127,1,0.0796065001321269,-1.08866916365579+0i,-56.5619286464637+0i
4,1,-4.9,NaN,NaN,NaN,NaN+0i,NaN+0i
5,1,-4.8,26.2662678793261,1,0.0453253575865214,-1.04894218592555+0i,-26.480084181008+0i
6,1,-4.8,NaN,NaN,NaN,NaN+0i,NaN+0i
7,1,-4.7,16.8289383258729,1,0.0348681497761879,-1.03745693577969+0i,-17.231801660009+0i
8,1,-4.7,NaN,NaN,NaN,NaN+0i,NaN+0i
9,1,-4.6,12.255900744723,1,0.0302360297889216,-1.03253618695147+0i,-12.7445748526668+0i
10,1,-4.6,NaN,NaN,NaN,NaN+0i,NaN+0i
11,1,-4.5,9.55901241567084,1,0.027950620783542,-1.03023070462244+0i,-10.0921771021407+0i
12,1,-4.5,NaN,NaN,NaN,NaN+0i,NaN+0i
13,1,-4.4,7.78125342097474,1,0.0268752052584847,-1.02928626939044+0i,-8.33784879429642+0i
14,1,-4.4,NaN,NaN,NaN,NaN+0i,NaN+0i
15,1,-4.3,6.52187396167786,1,0.0265311773174503,-1.02918990998827+0i,-7.08939464653697+0i
16,1,-4.3,NaN,NaN,NaN,NaN+0i,NaN+0i
17,1,-4.2,5.58355473677733,1,0.0266843789421861,-1.02970262654411+0i,-6.15370230918743+0i
18,1,-4.2,NaN,NaN,NaN,NaN+0i,NaN+0i
19,1,-4.1,4.8578747805124,1,0.0272087302461157,-1.03070841850514+0i,-5.4246352593466+0i
20,1,-4.1,NaN,NaN,NaN,NaN+0i,NaN+0i
21,1,-4,4.28032114662942,1,0.028032114662942,-1.03215597932212+0i,-4.83900395272388+0i
22,1,-4,NaN,NaN,NaN,NaN+0i,NaN+0i
23,1,-3.9,3.81010853459575,1,0.0291119388055324,-1.03403387915426+0i,-4.3568185284708+0i
24,1,-3.9,NaN,NaN,NaN,NaN+0i,NaN+0i
25,1,-3.8,3.4201915502166,1,0.0304229860259916,-1.03636009478958+0i,-3.95151469553951+0i
26,1,-3.8,NaN,NaN,NaN,NaN+0i,NaN+0i
27,1,-3.7,3.09193016766549,1,0.0319509217965134,-1.03917895027994+0i,-3.60473111145753+0i
28,1,-3.7,NaN,NaN,NaN,NaN+0i,NaN+0i
29,1,-3.6,2.81206156995145,1,0.0336886197932029,-1.04256304495768+0i,-3.30334111441696+0i
30,1,-3.6,NaN,NaN,NaN,NaN+0i,NaN+0i
31,1,-3.5,2.57089329534211,1,0.0356339943013158,-1.04661992246858+0i,-3.03767594239651+0i
32,1,-3.5,NaN,NaN,NaN,NaN+0i,NaN+0i
33,1,-3.4,2.36117928553048,1,0.0377886856848769,-1.05150492388757+0i,-2.80041052298744+0i
34,1,-3.4,NaN,NaN,NaN,NaN+0i,NaN+0i
35,1,-3.3,2.17739562415753,1,0.0401572561067795,-1.05744397561592+0i,-2.58583062625912+0i
36,1,-3.3,NaN,NaN,NaN,NaN+0i,NaN+0i
37,1,-3.2,2.01525948862965,1,0.0427467079533376,-1.06477457182941+0i,-2.38931981315381+0i
38,1,-3.2,NaN,NaN,NaN,NaN+0i,NaN+0i
39,1,-3.1,1.87140115552999,1,0.0455662195506988,-1.07402383707992+0i,-2.20695894125272+0i
40,1,-3.1,NaN,NaN,NaN,NaN+0i,NaN+0i
41,1,-3,1.74313519300453,1,0.0486270386009056,-1.08607163825415+0i,-2.03513744570179+0i
42,1,-3,NaN,NaN,NaN,NaN+0i,NaN+0i
43,1,-2.9,1.62829762314185,1,0.051942500859788,-1.10254217675862+0i,-1.87000036404454+0i
44,1,-2.9,NaN,NaN,NaN,NaN+0i,NaN+0i
45,1,-2.8,1.52512799429051,1,0.0555281587439115,-1.12697840470402+0i,-1.70615605109659+0i
46,1,-2.8,NaN,NaN,NaN,NaN+0i,NaN+0i
47,1,-2.7,1.43218268024801,1,0.0594020164570418,-1.17028834161037+0i,-1.53114200144354+0i
48,1,-2.7,NaN,NaN,NaN,NaN+0i,NaN+0i
49,1,-2.6,1.34827032283559,1,0.0635848774805426,-1.28805152205039+-0.0926130320629062i,-1.28805152205039+0.0926130320629062i
50,1,-2.6,NaN,NaN,NaN,NaN+0i,NaN+0i
51,1,-2.5,1.27240327372797,1,0.0681008184319933,-1.22800032451188+-0.202484177576782i,-1.22800032451188+0.202484177576782i
52,1,-2.5,NaN,NaN,NaN,NaN+0i,NaN+0i
53,1,-2.4,1.20376081285266,1,0.0729778113416926,-1.1700524409814+-0.256604027007415i,-1.1700524409814+0.256604027007415i
54,1,-2.4,NaN,NaN,NaN,NaN+0i,NaN+0i
55,1,-2.3,1.14166120349029,1,0.0782485249423771,-1.11374841362489+-0.289789939160867i,-1.11374841362489+0.289789939160867i
56,1,-2.3,NaN,NaN,NaN,NaN+0i,NaN+0i
57,1,-2.2,1.08554051747667,1,0.0839513448934679,-1.05866384070101+-0.309908038951933i,-1.05866384070101+0.309908038951933i
58,1,-2.2,NaN,NaN,NaN,NaN+0i,NaN+0i
59,1,-2.1,1.03493676814209,1,0.0901316627612055,-1.00439638355221+-0.320158754071972i,-1.00439638355221+0.320158754071972i
60,1,-2.1,NaN,NaN,NaN,NaN+0i,NaN+0i
61,1,-2,0.989478309812741,1,0.0968434929438222,-0.950553719974649+-0.321954431662274i,-0.950553719974649+0.321954431662274i
62,1,-2,NaN,NaN,NaN,NaN+0i,NaN+0i
63,1,-1.9,0.948875750643777,1,0.104151482699571,-0.896741921037607+-0.31568054408444i,-0.896741921037607+0.31568054408444i
64,1,-1.9,NaN,NaN,NaN,NaN+0i,NaN+0i
65,1,-1.8,0.912916802299707,1,0.112133376735906,-0.842553900537276+-0.300845179852612i,-0.842553900537276+0.300845179852612i
66,1,-1.8,NaN,NaN,NaN,NaN+0i,NaN+0i
67,1,-1.7,0.881463550972758,1,0.12088297182101,-0.787557832399129+-0.275815075408148i,-0.787557832399129+0.275815075408148i
68,1,-1.7,NaN,NaN,NaN,NaN+0i,NaN+0i
69,1,-1.6,0.854451543017887,1,0.130513524626081,-0.73128585108179+-0.236747597917173i,-0.73128585108179+0.236747597917173i
70,1,-1.6,NaN,NaN,NaN,NaN+0i,NaN+0i
71,1,-1.5,0.831889756624756,1,0.141161414818664,-0.673224102067093+-0.173059333786028i,-0.673224102067093+0.173059333786028i
72,1,-1.5,NaN,NaN,NaN,NaN+0i,NaN+0i
73,1,-1.4,0.813859848943854,1,0.152989545619787,-0.666815774021427+0i,-0.558797286068476+0i
74,1,-1.4,NaN,NaN,NaN,NaN+0i,NaN+0i
75,1,-1.3,0.800511859386845,1,0.166189387973132,-0.757917702973854+0i,-0.340916242468377+0i
76,1,-1.3,NaN,NaN,NaN,NaN+0i,NaN+0i
77,1,-1.2,0.792051705916484,1,0.180979648248264,-0.787172484281088+0i,-0.177642222426924+0i
78,1,-1.2,NaN,NaN,NaN,NaN+0i,NaN+0i
79,1,-1.1,0.788713573856602,1,0.197598293804075,-0.801687296720644+0i,-0.0205999376419613+0i
80,1,-1.1,NaN,NaN,NaN,NaN+0i,NaN+0i
81,1,-1,0.790708875951877,1,0.216283550380751,-0.808260917723759+0i,0.138073988246594+0i
82,1,-1,NaN,NaN,NaN,NaN+0i,NaN+0i
83,1,-0.899999999999999,0.798145805319999,1,0.2372397801812,-0.809232687108143+0i,0.30130096215957+0i
84,1,-0.899999999999999,NaN,NaN,NaN,NaN+0i,NaN+0i
85,1,-0.8,0.810923968780114,1,0.260588066887648,-0.80555339719137+0i,0.469764814010287+0i
86,1,-0.8,NaN,NaN,NaN,NaN+0i,NaN+0i
87,1,-0.7,0.828628891013807,1,0.286310423135937,-0.797595012382032+0i,0.642353596884081+0i
88,1,-0.7,NaN,NaN,NaN,NaN+0i,NaN+0i
89,1,-0.6,0.850472210458913,1,0.314207772601922,-0.785460840955461+0i,0.816259583685287+0i
90,1,-0.6,NaN,NaN,NaN,NaN+0i,NaN+0i
91,1,-0.5,0.875323090356987,1,0.343895390660644,-0.769126542715646+0i,0.987227756672965+0i
92,1,-0.5,NaN,NaN,NaN,NaN+0i,NaN+0i
93,1,-0.399999999999999,0.901839548002544,1,0.37484619208117,-0.748497532231459+0i,1.15007321081559+0i
94,1,-0.399999999999999,NaN,NaN,NaN,NaN+0i,NaN+0i
95,1,-0.3,0.92865504885316,1,0.406467872960985,-0.723413018098038+0i,1.29934787575854+0i
96,1,-0.3,NaN,NaN,NaN,NaN+0i,NaN+0i
97,1,-0.199999999999999,0.954550027601792,1,0.43818401324886,-0.69361539217699+0i,1.42993237141327+0i
98,1,-0.199999999999999,NaN,NaN,NaN,NaN+0i,NaN+0i
99,1,-0.0999999999999996,0.978558365622255,1,0.469493599154905,-0.658697951076+0i,1.53738802544939+0i
100,1,-0.0999999999999996,NaN,NaN,NaN,NaN+0i,NaN+0i
101,1,0,1,1,0.5,-0.618033988749895+0i,1.61803398874989+0i
102,1,0,NaN,NaN,NaN,NaN+0i,NaN+0i
103,1,0.100000000000001,1.01845976888933,1,0.529414482133557,-0.570676406721313+0i,1.6688021702337+0i
104,1,0.100000000000001,0.017429003792649,2,0.018888791934251,-0.997733765503163+0i,-0.851934572811214+0i
105,1,0.2,1.03373952067814,1,0.557544550752631,-0.515197714739628+0i,1.68693084554286+0i
106,1,0.2,0.0305222555861643,2,0.0358715729048055,-0.995942213151704+0i,-0.720138648872183+0i
107,1,0.300000000000001,1.0458040657729,1,0.584276154859635,-0.449403628188904+0i,1.66950173591914+0i
108,1,0.300000000000001,0.0402746855377398,2,0.0513455833350021,-0.994530166923658+0i,-0.601477226356266+0i
109,1,0.4,1.05473224531992,1,0.609555412472759,-0.369759421299142+0i,1.61270060750411+0i
110,1,0.4,0.0474474029866919,2,0.0656215976128136,-0.993420750619032+0i,-0.493522558992366+0i
111,1,0.5,1.06067737669226,1,0.633372557180741,-0.270068862051381+0i,1.51035816002867+0i
112,1,0.5,0.052622689681063,2,0.0789424793245847,-0.992552577597484+0i,-0.394392751758397+0i
113,1,0.600000000000001,1.06383741837037,1,0.655748954287408,-0.13770414194816+0i,1.35007271486624+0i
114,1,0.600000000000001,0.0562471969965165,2,0.0914984303180492,-0.991876906141179+0i,-0.302623393024697+0i
115,1,0.7,1.06443351587369,1,0.676727104048001,0.0626504581919969+0i,1.09687423899197+0i
116,1,0.7,0.0586649773108769,2,0.1034390370672,-0.991355103602501+0i,-0.217068516006991+0i
117,1,0.800000000000001,1.06269514625191,1,0.696363184826105,0.541082834099875+-0.249514612297345i,0.541082834099875+0.249514612297345i
118,1,0.800000000000001,0.0601423810686429,2,0.114882581019813,-0.990956526462518+0i,-0.136825419521367+0i
119,1,0.9,1.05885019107515,1,0.714721612734337,0.490360884843443+-0.656972260791911i,0.490360884843443+0.656972260791911i
120,1,0.9,0.0608867023886209,2,0.125923154409286,-0.990656809939087+0i,-0.0611780209889499+0i
121,1,1,1.05311856844722,1,0.731871141068331,0.427809186258462+-0.914276091671131i,0.427809186258462+0.914276091671131i
122,1,1,0.0610601247236581,2,0.136636074834195,-0.990436515372361+0i,0.0104457517334577+0i
123,1,1.1,1.04570837439569,1,0.747882108381373,0.353629051347132+-1.12679902024646i,0.353629051347132+1.12679902024646i
124,1,1.1,0.0607901721215913,2,0.147082004994171,-0.990280072088678+0i,0.0785060687707346+0i
125,1,1.2,1.03681375962863,1,0.762824530969751,0.268004881792429+-1.31409851457894i,0.268004881792429+1.31409851457894i
126,1,1.2,0.0601775737748867,2,0.15731009574043,-0.990174953868713+0i,0.143375495293747+0i
127,1,1.3,1.02661398431856,1,0.77676681012069,0.17110104230593+-1.48349234418238i,0.17110104230593+1.48349234418238i
128,1,1.3,0.0593022139491774,2,0.167360394787982,-0.990111038937722+0i,0.205357480514982+0i
129,1,1.4,1.01527325583607,1,0.789774883735086,0.0630604469608184+-1.63831825033261i,0.0630604469608184+1.63831825033261i
130,1,1.4,0.0582276609829179,2,0.177265703029067,-0.990080112109315+0i,0.264700517361217+0i
131,1,1.5,1.0029410725457,1,0.801911697154704,-0.0559956483171879+-1.78017292769595i,-0.0559956483171879+1.78017292769595i
132,1,1.5,0.0570046370868345,2,0.187053014106442,-0.990075476528246+0i,0.321609060650996+0i
133,1,1.6,0.98975288144893,1,0.813236901756294,-0.185967009946959+-1.90974010641738i,-0.185967009946959+1.90974010641738i
134,1,1.6,0.055673694229511,2,0.196744638191477,-0.990091649802668+0i,0.376252004351047+0i
135,1,1.7,0.975830917501026,1,0.823806714725687,-0.326773206773001+-2.02715225576001i,-0.326773206773001+2.02715225576001i
136,1,1.7,0.0542672912845642,2,0.206359085160658,-0.990124125172297+0i,0.428769308775289+0i
137,1,1.8,0.961285134721377,1,0.833673891610536,-0.478351990444628+-2.13216289452166i,-0.478351990444628+2.13216289452166i
138,1,1.8,0.0528114166973722,2,0.215911763354213,-0.990169182913862+0i,0.479277215759487+0i
139,1,1.9,0.946214168866397,1,0.842887776517814,-0.640657406667127+-2.22422922981917i,-0.640657406667127+2.22422922981917i
140,1,1.9,0.0513268638857048,2,0.225415536081136,-0.990223740679066+0i,0.527872378321679+0i
141,1,2,0.930706292132978,1,0.851494404493084,-0.813657729160084+-2.30254566889844i,-0.813657729160084+2.30254566889844i
142,1,2,0.0498302395423171,2,0.234881167679622,-0.990285234120164+0i,0.574635149669467+0i
143,1,2.1,0.914840334747407,1,0.859536637670659,-0.997333280284125+-2.36604523162758i,-0.997333280284125+2.36604523162758i
144,1,2.1,0.0483347651667514,2,0.244317683268393,-0.990351521176251+0i,0.619632216360575+0i
145,1,2.2,0.898686558238122,1,0.867054321931448,-1.19167418223915+-2.41337464659024i,-1.19167418223915+2.41337464659024i
146,1,2.2,0.0468509175185892,2,0.253732660613384,-0.99042080492317+0i,0.662918716008242+0i
147,1,2.3,0.882307472010213,1,0.874084454567455,-1.39667806830805+-2.44284178699658i,-1.39667806830805+2.44284178699658i
148,1,2.3,0.0453869428250046,2,0.263132468262253,-0.990491571050707+0i,0.704539946875115+0i
149,1,2.4,0.865758589465177,1,0.880661356204231,-1.6123477732521+-2.45232726666523i,-1.6123477732521+2.45232726666523i
150,1,2.4,0.0439492714675995,2,0.272522460886024,-0.990562536913476+0i,0.744532751950565+0i
151,1,2.5,0.849089122996366,1,0.886816842247275,-1.83868901453331+-2.43914228285331i,-1.83868901453331+2.43914228285331i
152,1,2.5,0.0425428537817381,2,0.281907140336304,-0.990632609774985+0i,0.782926641448537+0i
153,1,2.6,0.832342619201214,1,0.892580390592922,-2.07570807073497+-2.39979708682907i,-2.07570807073497+2.39979708682907i
154,1,2.6,0.0411714329956488,2,0.291290289076693,-0.990700852379402+0i,0.81974470350048+0i
155,1,2.7,0.815557536911698,1,0.897979303422007,-2.32340945979194+-2.32960725009646i,-2.32340945979194+2.32960725009646i
156,1,2.7,0.0398377678322234,2,0.300675081230812,-0.990766454380953+0i,0.855004341992234+0i
157,1,2.8,0.79876777138511,1,0.903038861680386,-2.58179361700267+-2.22197680472687i,-2.58179361700267+2.22197680472687i
158,1,2.8,0.0385438146138464,2,0.3100641753988,-0.990828708465493+0i,0.888717872159377+0i
159,1,2.9,0.782003128380732,1,0.907782471420779,-2.85085457096972+-2.06695858965546i,-2.85085457096972+2.06695858965546i
160,1,2.9,0.0372908766447215,2,0.31945979254933,-0.99088699023419+0i,0.920892998091737+0i
161,1,3,0.765289751989454,1,0.912231801591563,-3.13057761437981+-1.84791549948579i,-3.13057761437981+1.84791549948579i
162,1,3,0.0360797270449689,2,0.328863781635975,-0.990940741101597+0i,0.951533191246023+0i
163,1,3.1,0.748650510063746,1,0.916406913151634,-3.42093696572531+-1.53176497252885i,-3.42093696572531+1.53176497252885i
164,1,3.1,0.0349107099642963,2,0.33827767507108,-0.990989453601866+0i,0.980637985084896+0i
165,1,3.2,0.732105340971717,1,0.920326379596808,-3.72189341756491+-1.02371657426604i,-3.72189341756491+1.02371657426604i
166,1,3.2,0.0337838241268369,2,0.347702735784006,-0.991032658606509+0i,1.00820319779609+0i
167,1,3.3,0.715671565211148,1,0.924007399125253,-4.74013831019746+0i,-3.3266456230728+0i
168,1,3.3,0.0326987918901939,2,0.357139997268861,-0.991069914041948+0i,1.03422109250402+0i
169,1,3.4,0.699364165195129,1,0.927465898763909,-5.87717869323423+0i,-2.83354014874419+0i
170,1,3.4,0.0316551163936505,2,0.366590297770666,-0.991100794760107+0i,1.05868048232224+0i
171,1,3.5,0.683196036279331,1,0.930716630837432,-6.79042564470811+0i,-2.58497831390845+0i
172,1,3.5,0.0306521288870645,2,0.376054309554005,-0.991124883264521+0i,1.08156678589622+0i
173,1,3.6,0.667178211854873,1,0.933773262195191,-7.64494746865358+0i,-2.41565808647482+0i
174,1,3.6,0.0296890279458835,2,0.38553256403346,-0.991141761030525+0i,1.10286203766472+0i
175,1,3.7,0.651320065088866,1,0.936648456627314,-8.47836011628691+0i,-2.28767868028881+0i
176,1,3.7,0.0287649119680324,2,0.395025473412188,-0.991151000183164+0i,1.12254485585678+0i
177,1,3.8,0.635629489662397,1,0.939353950902909,-9.30603942661934+0i,-2.18532324895847+0i
178,1,3.8,0.0278788060990109,2,0.40453334936713,-0.991152155311896+0i,1.14059037018482+0i
179,1,3.9,0.620113061636266,1,0.941900624856277,-10.1357502725073+0i,-2.10042458102771+0i
180,1,3.9,0.0270296845298918,2,0.414056419231604,-0.991144755207703+0i,1.15697011024829+0i
181,1,4,0.604776184370122,1,0.94429856593311,-10.9718428358487+0i,-2.02816356383641+0i
182,1,4,0.0262164889492922,2,0.423594840054363,-0.991128294306258+0i,1.17165185478977+0i
183,1,4.1,0.589623218231277,1,0.946557128590462,-11.8168655162692+0i,-1.96545090289531+0i
184,1,4.1,0.0254381437972036,2,0.433148710855455,-0.991102223609978+0i,1.18459944111266+0i
185,1,4.2,0.574657596655707,1,0.94868498892325,-12.672300241332+0i,-1.91018631997643+0i
186,1,4.2,0.0246935688598215,2,0.442718083351036,-0.991065940841591+0i,1.19577253314881+0i
187,1,4.3,0.559881929964942,1,0.950690194867396,-13.5389377486962+0i,-1.86087765070679+0i
188,1,4.3,0.0239816896555132,2,0.452302971379627,-0.991018779550761+0i,1.20512634582677+0i
189,1,4.4,0.545298098198106,1,0.952580212306219,-14.4170849086181+0i,-1.81642776436618+0i
190,1,4.4,0.0233014459890609,2,0.461903359229717,-0.990959996851408+0i,1.21261132250835+0i
191,1,4.5,0.530907334087345,1,0.954361967382978,-15.3066859333831+0i,-1.77600745015879+0i
192,1,4.5,0.0226517989913709,2,0.471519209041802,-0.990888759407637+0i,1.21817276130506+0i
193,1,4.6,0.516710297186286,1,0.956041885298835,-16.2073960976014+0i,-1.73897563650335+0i
194,1,4.6,0.0220317369125774,2,0.481150467436074,-0.990804127206588+0i,1.22175038502231+0i
195,1,4.7,0.502707140053986,1,0.957625925852366,-17.1186276912205+0i,-1.70482721142086+0i
196,1,4.7,0.0214402798960271,2,0.490797071499146,-0.990705034551039+0i,1.22327784827223+0i
197,1,4.8,0.488897567299999,1,0.959119615953999,-18.0395789291166+0i,-1.67315770934898+0i
198,1,4.8,0.0208764839275076,2,0.500458954248957,-0.990590267565631+0i,1.22268217390089+0i
199,1,4.9,0.475280888208722,1,0.960528079326634,-18.9692519555212+0i,-1.64363871433392+0i
200,1,4.9,0.0203394441270939,2,0.510136049685823,-0.990458437326549+0i,1.21988310923865+0i
201,1,5,0.461856063582073,1,0.961856063582073,-19.9064636094231+0i,-1.61600030040515+0i
202,1,5,0.0198282975291927,2,0.519828297529193,-0.990307947480348+0i,1.2147923907373+0i
203,1,5.1,0.448621747367895,1,0.963107964841574,-20.8498512196866+0i,-1.59001822573347+0i
204,1,5.1,0.0193422254790462,2,0.529535647733837,-0.990136954891108+0i,1.20731290321947+0i
205,1,5.2,0.435576323576309,1,0.964287850047835,-21.7978748758582+0i,-1.56550441791351+0i
206,1,5.2,0.0188804557605465,2,0.539258064875757,-0.989943321415357+0i,1.19733771712657+0i
207,1,5.3,0.42271793892678,1,0.965399477094584,-22.7488171185131+0i,-1.54229978730518+0i
208,1,5.3,0.0184422645603287,2,0.548995532497139,-0.989724554306493+0i,1.18474898366968+0i
209,1,5.4,0.410044531613933,1,0.966446312878491,-23.7007806763954+0i,-1.52026871879657+0i
210,1,5.4,0.0180269783664851,2,0.558748057501145,-0.98947773192947+0i,1.16941666347615+0i
211,1,5.5,0.397553856529417,1,0.967431549355888,-24.6516846717351+0i,-1.49929479428104+0i
212,1,5.5,0.0176339758967594,2,0.568515674691597,-0.989199410326674+0i,1.15119705893321+0i
213,1,5.6,0.385243507229459,1,0.968358117663227,-25.5992595769915+0i,-1.47927743134355+0i
214,1,5.6,0.0172626901507481,2,0.578298451559793,-0.988885504573112+0i,1.12993111361503+0i
215,1,5.7,0.373110934892259,1,0.969228700334717,-26.5410411103822+0i,-1.46012921338876+0i
216,1,5.7,0.0169126106836285,2,0.588096493431483,-0.988531136575369+0i,1.10544243346881+0i
217,1,5.8,0.361153464465055,1,0.97004574162226,-27.474363188216+0i,-1.44177374805582+0i
218,1,5.8,0.0165832862055774,2,0.597909949102024,-0.988130437666578+0i,1.07753497315702+0i
219,1,5.9,0.3493683081565,1,0.970811455890585,-28.3963499992973+0i,-1.42414393379598+0i
220,1,5.9,0.0162743276218949,2,0.607739017107865,-0.987676289497322+0i,1.04599031614042+0i
221,1,6,0.337752576384453,1,0.971527834022898,-29.3039072238517+0i,-1.40718054501271+0i
222,1,6,0.0159854116447068,2,0.617583952809178,-0.987159979466321+0i,1.01056445730991+0i
223,1,6.1,0.326303286241033,1,0.972196647727546,-30.1937123818268+0i,-1.39083106812159+0i
224,1,6.1,0.0157162851291547,2,0.627445076493362,-0.986570735870987+0i,0.970983970066572+0i
225,1,6.2,0.315017367483567,1,0.972819451581595,-31.0622042594335+0i,-1.3750487368855+0i
226,1,6.2,0.0154667703168037,2,0.63732278275482,-0.985895090723709+0i,0.926941402316604+0i
227,1,6.3,0.303891665999468,1,0.973397582579399,-31.9055713252478+0i,-1.35979172716975+0i
228,1,6.3,0.0152367712088837,2,0.647217551466039,-0.985115990685264+0i,0.878089692411058+0i
229,1,6.4,0.292922944621533,1,0.973932156868548,-32.719739005008+0i,-1.34502248003802+0i
230,1,6.4,0.0150262813450658,2,0.657129960733375,-0.984211531516893+0i,0.824035317420042+0i
231,1,6.5,0.282107881083029,1,0.974424063245484,-33.5003556339602+0i,-1.33070712869798+0i
232,1,6.5,0.0148353933341964,2,0.667060702334326,-0.983153115380961+0i,0.764329766191592+0i
233,1,6.6,0.271443062792779,1,0.974873952839624,-34.2427768429707+0i,-1.31681500978184+0i
234,1,6.6,0.0146643105779917,2,0.67701060027047,-0.981902697386666+0i,0.698458738892827+0i
235,1,6.7,0.260924977970092,1,0.975282224225008,-34.9420480540472+0i,-1.30331824321813+0i
236,1,6.7,0.0145133617560238,2,0.686980633254548,-0.98040854614557+0i,0.625828156135162+0i
237,1,6.8,0.250550002494945,1,0.975649002944035,-35.5928846546611+0i,-1.29019136780146+0i
238,1,6.8,0.0143830188132311,2,0.696971962199613,-0.978598483299286+0i,0.545745497438249+0i
239,1,6.9,0.240314381581289,1,0.975974114081733,-36.189649277359+0i,-1.27741102169612+0i
240,1,6.9,0.0142739194283673,2,0.706985964119757,-0.976368643400854+0i,0.457393924287927+0i
241,1,7,0.230214205042947,1,0.976257046051536,-36.7263254155521+0i,-1.26495565864912+0i
242,1,7,0.0141868952710292,2,0.717024274325235,-0.973563815835071+0i,0.359794469152271+0i
243,1,7.1,0.22024537445029,1,0.976496903084851,-37.1964863341852+0i,-1.25280529171803+0i
244,1,7.1,0.0141230078179717,2,0.727088839459746,-0.969940834115705+0i,0.251746704188997+0i
245,1,7.2,0.210403559807538,1,0.976692342965196,-37.5932578489012+0i,-1.24094125686533+0i
246,1,7.2,0.0140835941604255,2,0.737181984875719,-0.965094670000037+0i,0.131726110813906+0i
247,1,7.3,0.20068414241485,1,0.976841495170265,-37.9092729929437+0i,-1.22934598880727+0i
248,1,7.3,0.0140703261932873,2,0.747306501217743,-0.958292218193993+0i,-0.00231885481675542+0i
249,1,7.4,0.191082139156147,1,0.976941852553622,-38.1366157779546+0i,-1.2180028009324+0i
250,1,7.4,0.0140852879944322,2,0.757465757113096,-0.948035900713789+0i,-0.153450675840833+0i
251,1,7.5,0.181592101310926,1,0.976990126638658,-38.266750037644+0i,-1.20689565971597+0i
252,1,7.5,0.0141310783398648,2,0.767663847924831,-0.930594912994648+0i,-0.327273869315717+0i
253,1,7.6,0.172207977686158,1,0.976982051884559,-38.2904274794807+0i,-1.1960089414728+0i
254,1,7.6,0.0142109485979228,2,0.777905795233383,-0.891722224032371+0i,-0.540301038834978+0i
255,1,7.7,0.162922926641282,1,0.976912116834428,-38.1975661420369+0i,-1.18532715482505+0i
256,1,7.7,0.0143289914646673,2,0.788197819160127,-0.813360018726465+-0.135975128884041i,-0.813360018726465+0.135975128884041i
257,1,7.8,0.153729053072458,1,0.976773187932746,-37.9770857231919+0i,-1.17483460466498+0i
258,1,7.8,0.0144904045057155,2,0.798547717767316,-0.922694627066663+-0.226854989210592i,-0.922694627066663+0.226854989210592i
259,1,7.9,0.144617032097266,1,0.976555971405473,-37.6166783383691+0i,-1.16451496032523+0i
260,1,7.9,0.014701866791401,2,0.808965408160907,-1.04617072437017+-0.245205187491271i,-1.04617072437017+0.245205187491271i
261,1,8,0.135575556113194,1,0.976248222947152,-37.1024795479999+0i,-1.15435066757207+0i
262,1,8,0.0149720919770211,2,0.819463719570127,-1.18654380237264+-0.182100320339138i,-1.18654380237264+0.182100320339138i
263,1,8.1,0.126590496020063,1,0.975833549786283,-36.4185795998278+0i,-1.14432210158532+0i
264,1,8.1,0.0153126670604384,2,0.830059593849174,-1.56165241520142+0i,-1.13316675921538+0i
265,1,8.2,0.117643578816055,1,0.975289524037193,-35.5462672106055+0i,-1.13440627603719+0i
266,1,8.2,0.0157393746274168,2,0.84077597450819,-1.98257051909834+0i,-1.08458540568557+0i
267,1,8.3,0.108710201390089,1,0.974584567848818,-34.4628010920489+0i,-1.12457475449931+0i
268,1,8.3,0.0162743787798171,2,0.851644923777157,-2.43841728045885+0i,-1.06494948011026+0i
269,1,8.4,0.0997555936742015,1,0.97367249552343,-33.1392900309978+0i,-1.11479003429624+0i
270,1,8.4,0.0169500615989827,2,0.862713082542637,-2.96837043924264+0i,-1.05411300810324+0i
271,1,8.5,0.09072754080868,1,0.972482180091718,-31.5367387608346+0i,-1.10499874629998+0i
272,1,8.5,0.0178163005058173,2,0.874052005682853,-3.60580321857073+0i,-1.0474484391922+0i
273,1,8.6,0.0815410405676874,1,0.970895815172055,-29.5978546745368+0i,-1.09511740292511+0i
274,1,8.6,0.0189558102825206,2,0.885779901984228,-4.39908074716098+0i,-1.04324781448296+0i
275,1,8.7,0.0720405953042982,1,0.968695615566889,-27.2272744801844+0i,-1.08499752842066+0i
276,1,8.7,0.0205218505084019,2,0.898114935196511,-5.43327605154776+0i,-1.04080497699719+0i
277,1,8.8,0.06188125869571,1,0.96539613700008,-24.2304201293024+0i,-1.07431612343553+0i
278,1,8.8,0.0228571781391001,2,0.911542905831958,-6.89185169884883+0i,-1.03997746511712+0i
279,1,8.9,0.0498933384971467,1,0.959351740511034,-19.9946576260434+0i,-1.06199362162449+0i
280,1,8.9,0.0271293440296824,2,0.927709788201258,-9.37569217340343+0i,-1.04156724363688+0i
281,1,9,0.0359953810832161,1,0.950393533516503,-14.6345185792898+0i,-1.04714923663191+0i
282,1,9,0.0359953810832161,2,0.950393533516503,-14.6345185792898+0i,-1.04714923663191+0i
283,1,9.1,0.0352215221588909,1,0.959662346244036,-15.8240328290125+0i,-1.0435367405325+0i
284,1,9.1,0.0352215221588909,2,0.959662346244036,-15.8240328290125+0i,-1.0435367405325+0i
285,1,9.2,0.0344686807435751,1,0.968945526655877,-17.0521361757772+0i,-1.04036143955228+0i
286,1,9.2,0.0344686807435751,2,0.968945526655877,-17.0521361757772+0i,-1.04036143955228+0i
287,1,9.3,0.0337361943380513,1,0.978242757903413,-18.3194439639431+0i,-1.03755026152708+0i
288,1,9.3,0.0337361943380513,2,0.978242757903413,-18.3194439639431+0i,-1.03755026152708+0i
289,1,9.4,0.0330234233698467,1,0.987553729652579,-19.6265531910291+0i,-1.0350455487434+0i
290,1,9.4,0.0330234233698467,2,0.987553729652579,-19.6265531910291+0i,-1.0350455487434+0i
291,1,9.5,0.0323297503740482,1,0.99687813804237,-20.9740462686896+0i,-1.03280118634851+0i
292,1,9.5,0.0323297503740482,2,0.99687813804237,-20.9740462686896+0i,-1.03280118634851+0i
293,1,9.6,NaN,NaN,NaN,NaN+0i,NaN+0i
294,1,9.6,NaN,NaN,NaN,NaN+0i,NaN+0i
295,1,9.7,NaN,NaN,NaN,NaN+0i,NaN+0i
296,1,9.7,NaN,NaN,NaN,NaN+0i,NaN+0i
297,1,9.8,NaN,NaN,NaN,NaN+0i,NaN+0i
298,1,9.8,NaN,NaN,NaN,NaN+0i,NaN+0i
299,1,9.9,NaN,NaN,NaN,NaN+0i,NaN+0i
300,1,9.9,NaN,NaN,NaN,NaN+0i,NaN+0i
301,1,10,NaN,NaN,NaN,NaN+0i,NaN+0i
302,1,10,NaN,NaN,NaN,NaN+0i,NaN+0i
303,2,-5,NaN,NaN,NaN,NaN+0i,NaN+0i
304,2,-5,NaN,NaN,NaN,NaN+0i,NaN+0i
305,2,-4.9,26.4291456423993,1,0.0385829128479853,-1.04065225801138+0i,-53.180906801034+0i
306,2,-4.9,NaN,NaN,NaN,NaN+0i,NaN+0i
307,2,-4.8,12.5547405019529,1,0.0221896200781163,-1.02304609690417+0i,-25.7249587572841+0i
308,2,-4.8,NaN,NaN,NaN,NaN+0i,NaN+0i
309,2,-4.7,8.11884529895236,1,0.0171307179371414,-1.01774962048631+0i,-16.9446500711216+0i
310,2,-4.7,NaN,NaN,NaN,NaN+0i,NaN+0i
311,2,-4.6,5.93595367719663,1,0.0148762941757304,-1.01542741579912+0i,-12.6206735727483+0i
312,2,-4.6,NaN,NaN,NaN,NaN+0i,NaN+0i
313,2,-4.5,4.6375831244729,1,0.0137583124472896,-1.01430405375427+0i,-10.0457458430413+0i
314,2,-4.5,NaN,NaN,NaN,NaN+0i,NaN+0i
315,2,-4.4,3.77689788778665,1,0.0132277465343983,-1.01380308252118+0i,-8.33597917630243+0i
316,2,-4.4,NaN,NaN,NaN,NaN+0i,NaN+0i
317,2,-4.3,3.16465844023513,1,0.0130521816329188,-1.0136837073808+0i,-7.11704926685773+0i
318,2,-4.3,NaN,NaN,NaN,NaN+0i,NaN+0i
319,2,-4.2,2.70698298307786,1,0.0131172772924579,-1.01382990188547+0i,-6.20324859694754+0i
320,2,-4.2,NaN,NaN,NaN,NaN+0i,NaN+0i
321,2,-4.1,2.35200554722531,1,0.0133609985005559,-1.01418116569073+0i,-5.49197201920956+0i
322,2,-4.1,NaN,NaN,NaN,NaN+0i,NaN+0i
323,2,-4,2.06873707494022,1,0.0137474149880449,-1.01470520738557+0i,-4.92190462407267+0i
324,2,-4,NaN,NaN,NaN,NaN+0i,NaN+0i
325,2,-3.9,1.83752192010081,1,0.0142548224221789,-1.01538576242865+0i,-4.45414569774719+0i
326,2,-3.9,NaN,NaN,NaN,NaN+0i,NaN+0i
327,2,-3.8,1.64529087434351,1,0.0148698098424436,-1.01621671968288+0i,-4.06281990576285+0i
328,2,-3.8,NaN,NaN,NaN,NaN+0i,NaN+0i
329,2,-3.7,1.48301562804774,1,0.0155840632924116,-1.01719920491099+0i,-3.73004257617731+0i
330,2,-3.7,NaN,NaN,NaN,NaN+0i,NaN+0i
331,2,-3.6,1.34425904880572,1,0.0163925336656017,-1.01834021758774+0i,-3.44305220822979+0i
332,2,-3.6,NaN,NaN,NaN,NaN+0i,NaN+0i
333,2,-3.5,1.224307766262,1,0.0172923298786005,-1.01965220360611+0i,-3.19249449252977+0i
334,2,-3.5,NaN,NaN,NaN,NaN+0i,NaN+0i
335,2,-3.4,1.11963130766851,1,0.0182820184539226,-1.0211533066633+0i,-2.97135192503015+0i
336,2,-3.4,NaN,NaN,NaN,NaN+0i,NaN+0i
337,2,-3.3,1.0275328260664,1,0.0193611608625767,-1.0228682381051+0i,-2.77425198008503+0i
338,2,-3.3,NaN,NaN,NaN,NaN+0i,NaN+0i
339,2,-3.2,0.945916652685327,1,0.0205299949667178,-1.02482984902156+0i,-2.59700578782189+0i
340,2,-3.2,NaN,NaN,NaN,NaN+0i,NaN+0i
341,2,-3.1,0.873129490231649,1,0.0217892062880267,-1.0270816416072+0i,-2.43629161840102+0i
342,2,-3.1,NaN,NaN,NaN,NaN+0i,NaN+0i
343,2,-3,0.807849391063134,1,0.0231397564252538,-1.02968167834999+0i,-2.28943154683694+0i
344,2,-3,NaN,NaN,NaN,NaN+0i,NaN+0i
345,2,-2.9,0.74900654338741,1,0.0245827482227121,-1.03270873030605+0i,-2.15422884147211+0i
346,2,-2.9,NaN,NaN,NaN,NaN+0i,NaN+0i
347,2,-2.8,0.695725714713854,1,0.0261193144740958,-1.03627223927436+0i,-2.02884441671298+0i
348,2,-2.8,NaN,NaN,NaN,NaN+0i,NaN+0i
349,2,-2.7,0.647283741799571,1,0.0277505212278025,-1.04052919610398+0i,-1.91169617037284+0i
350,2,-2.7,NaN,NaN,NaN,NaN+0i,NaN+0i
351,2,-2.6,0.60307766525091,1,0.0294772793204366,-1.04571450871329+0i,-1.80136592796705+0i
352,2,-2.6,NaN,NaN,NaN,NaN+0i,NaN+0i
353,2,-2.5,0.562600518506148,1,0.0313002592530738,-1.05220021437134+0i,-1.69649273132687+0i
354,2,-2.5,NaN,NaN,NaN,NaN+0i,NaN+0i
355,2,-2.4,0.525422702497285,1,0.0332198052985884,-1.06062448337981+0i,-1.5956074434516+0i
356,2,-2.4,NaN,NaN,NaN,NaN+0i,NaN+0i
357,2,-2.3,0.491177490700428,1,0.0352358449782312,-1.07222266567676+0i,-1.49677355558896+0i
358,2,-2.3,NaN,NaN,NaN,NaN+0i,NaN+0i
359,2,-2.2,0.459549624742567,1,0.0373477898558376,-1.08994370057863+0i,-1.39644884215814+0i
360,2,-2.2,NaN,NaN,NaN,NaN+0i,NaN+0i
361,2,-2.1,0.430266246508704,1,0.0395544229750482,-1.1254755694897+0i,-1.28244272347844+0i
362,2,-2.1,NaN,NaN,NaN,NaN+0i,NaN+0i
363,2,-2,0.403089611908586,1,0.0418537671451515,-1.16657403680474+-0.0864212404870794i,-1.16657403680474+0.0864212404870794i
364,2,-2,NaN,NaN,NaN,NaN+0i,NaN+0i
365,2,-1.9,0.377811171808676,1,0.0442429265213789,-1.13086156731038+-0.133617906745302i,-1.13086156731038+0.133617906745302i
366,2,-1.9,NaN,NaN,NaN,NaN+0i,NaN+0i
367,2,-1.8,0.354246705116195,1,0.0467178912743649,-1.09667160975445+-0.159298556088341i,-1.09667160975445+0.159298556088341i
368,2,-1.8,NaN,NaN,NaN,NaN+0i,NaN+0i
369,2,-1.7,0.332232259372866,1,0.0492732911860914,-1.06388022072325+-0.174231181685048i,-1.06388022072325+0.174231181685048i
370,2,-1.7,NaN,NaN,NaN,NaN+0i,NaN+0i
371,2,-1.6,0.311620703040098,1,0.0519020780672664,-1.03238748596372+-0.181849903602812i,-1.03238748596372+0.181849903602812i
372,2,-1.6,NaN,NaN,NaN,NaN+0i,NaN+0i
373,2,-1.5,0.292278725488075,1,0.0545951078416525,-1.00211623194577+-0.183718432573156i,-1.00211623194577+0.183718432573156i
374,2,-1.5,NaN,NaN,NaN,NaN+0i,NaN+0i
375,2,-1.4,0.27408413762943,1,0.0573405790931895,-0.973011642274433+-0.180598710972268i,-0.973011642274433+0.180598710972268i
376,2,-1.4,NaN,NaN,NaN,NaN+0i,NaN+0i
377,2,-1.3,0.256923327760428,1,0.0601232625427169,-0.945041913386645+-0.172771590885949i,-0.945041913386645+0.172771590885949i
378,2,-1.3,NaN,NaN,NaN,NaN+0i,NaN+0i
379,2,-1.2,0.240688709807744,1,0.0629234194538852,-0.918200222468581+-0.160101955694975i,-0.918200222468581+0.160101955694975i
380,2,-1.2,NaN,NaN,NaN,NaN+0i,NaN+0i
381,2,-1.1,0.225275955785253,1,0.0657152455124972,-0.892508498422635+-0.14190231892i,-0.892508498422635+0.14190231892i
382,2,-1.1,NaN,NaN,NaN,NaN+0i,NaN+0i
383,2,-1,0.210580711674778,1,0.0684645693398226,-0.8680238552614+-0.11634507605218i,-0.8680238552614+0.11634507605218i
384,2,-1,NaN,NaN,NaN,NaN+0i,NaN+0i
385,2,-0.899999999999999,0.196494315965679,1,0.0711253390918569,-0.844849209815819+-0.0775884452268327i,-0.844849209815819+0.0775884452268327i
386,2,-0.899999999999999,NaN,NaN,NaN,NaN+0i,NaN+0i
387,2,-0.8,0.18289768543627,1,0.0736340557664669,-0.870051148387964+0i,-0.776250589088156+0i
388,2,-0.8,NaN,NaN,NaN,NaN+0i,NaN+0i
389,2,-0.7,0.169651802311616,1,0.0759005499879896,-0.907429606527582+0i,-0.698947266525166+0i
390,2,-0.7,NaN,NaN,NaN,NaN+0i,NaN+0i
391,2,-0.6,0.156581629364042,1,0.0777918338403567,-0.925547734720465+0i,-0.645188299097253+0i
392,2,-0.6,NaN,NaN,NaN,NaN+0i,NaN+0i
393,2,-0.5,0.143446413218726,1,0.0791017718968538,-0.937971388556833+0i,-0.602714966703071+0i
394,2,-0.5,NaN,NaN,NaN,NaN+0i,NaN+0i
395,2,-0.399999999999999,0.129878872829836,1,0.0794885630034491,-0.947750531453395+0i,-0.57069881604068+0i
396,2,-0.399999999999999,NaN,NaN,NaN,NaN+0i,NaN+0i
397,2,-0.3,0.115242445518058,1,0.0783278987869743,-0.956291058994264+0i,-0.551861545922208+0i
398,2,-0.3,NaN,NaN,NaN,NaN+0i,NaN+0i
399,2,-0.199999999999999,0.0982204203386642,1,0.0742916035251176,-0.964648562480676+0i,-0.554045824143019+0i
400,2,-0.199999999999999,NaN,NaN,NaN,NaN+0i,NaN+0i
401,2,-0.0999999999999996,0.0751081576862251,1,0.0636059945325006,-0.974409931140037+0i,-0.60126434389089+0i
402,2,-0.0999999999999996,NaN,NaN,NaN,NaN+0i,NaN+0i
403,2,0,NaN,NaN,NaN,NaN+0i,NaN+0i
404,2,0,NaN,NaN,NaN,NaN+0i,NaN+0i
405,2,0.100000000000001,0.0942091799524668,1,0.106093363551516,-0.967079418350592+0i,-0.404389529138001+0i
406,2,0.100000000000001,0.0942091799524668,2,0.106093363551516,-0.967079418350592+0i,-0.404389529138001+0i
407,2,0.2,0.125602670870601,1,0.150626777705425,-0.953314003632741+0i,-0.176165414592903+0i
408,2,0.2,0.125602670870601,2,0.150626777705425,-0.953314003632741+0i,-0.176165414592903+0i
409,2,0.300000000000001,0.145119657323006,1,0.183826836762386,-0.943585820433917+0i,0.00336075114945611+0i
410,2,0.300000000000001,0.145119657323006,2,0.183826836762386,-0.943585820433917+0i,0.00336075114945611+0i
411,2,0.4,0.158183921254268,1,0.210838634954609,-0.936237350493623+0i,0.16171574813035+0i
412,2,0.4,0.158183921254268,2,0.210838634954609,-0.936237350493623+0i,0.16171574813035+0i
413,2,0.5,0.167056422273136,1,0.23376206450045,-0.930536765531244+0i,0.308736795865464+0i
414,2,0.5,0.167056422273136,2,0.23376206450045,-0.930536765531244+0i,0.308736795865464+0i
415,2,0.600000000000001,0.172970912068104,1,0.253727421516277,-0.926059023568675+0i,0.449032218858633+0i
416,2,0.600000000000001,0.172970912068104,2,0.253727421516277,-0.926059023568675+0i,0.449032218858633+0i
417,2,0.7,0.176698851238013,1,0.271436690411335,-0.92252261606032+0i,0.58506923309996+0i
418,2,0.7,0.176698851238013,2,0.271436690411335,-0.92252261606032+0i,0.58506923309996+0i
419,2,0.800000000000001,0.178763833654461,1,0.287366047039174,-0.919726851545347+0i,0.718271142194917+0i
420,2,0.800000000000001,0.178763833654461,2,0.287366047039174,-0.919726851545347+0i,0.718271142194917+0i
421,2,0.9,0.179540937474057,1,0.301858306219388,-0.917522007991961+0i,0.849491836155373+0i
422,2,0.9,0.179540937474057,2,0.301858306219388,-0.917522007991961+0i,0.849491836155373+0i
423,2,1,0.213787210406492,1,0.35654465248779,-0.889373879245208+0i,1.14165516665487+0i
424,2,1,0.150391482764384,2,0.280469779317261,-0.93441943751977+0i,0.787784357911066+0i
425,2,1.1,0.24970003520802,1,0.414634042953784,-0.850627497604437+0i,1.36818397087252+0i
426,2,1.1,0.127290314587953,2,0.265294183797303,-0.946375152096998+0i,0.714247532352143+0i
427,2,1.2,0.273070738879204,1,0.458607716210214,-0.81521183109128+0i,1.50357320634922+0i
428,2,1.2,0.114243175169475,2,0.261661537210148,-0.952318355807224+0i,0.698217975087533+0i
429,2,1.3,0.290741285707546,1,0.496334019991508,-0.778552580375397+0i,1.58760215708039+0i
430,2,1.3,0.104698722083997,2,0.261920389825836,-0.956322704993207+0i,0.701303294484418+0i
431,2,1.4,0.304578804390966,1,0.529860869620436,-0.739044651819954+0i,1.63086715763205+0i
432,2,1.4,0.0970471124280234,2,0.26422030390787,-0.959333617378086+0i,0.713939387987601+0i
433,2,1.5,0.315491168726368,1,0.560138519344278,-0.695411020892522+0i,1.63804697441991+0i
434,2,1.5,0.0906083870600113,2,0.267790903178015,-0.961735729736711+0i,0.732070877511515+0i
435,2,1.6,0.324036793546903,1,0.587728567481912,-0.646207113690616+0i,1.61137224468512+0i
436,2,1.6,0.0850261457679022,2,0.272234512413631,-0.963724809399927+0i,0.753575669222585+0i
437,2,1.7,0.330606509234045,1,0.613012722373621,-0.589492252805387+0i,1.55148393568033+0i
438,2,1.7,0.0800887144769175,2,0.277318877399069,-0.965414216718222+0i,0.777200495182771+0i
439,2,1.8,0.335496010584451,1,0.636274574394853,-0.522352959784102+0i,1.45743009975642+0i
440,2,1.8,0.0756593643637101,2,0.282896735534646,-0.966875467921784+0i,0.802142664246415+0i
441,2,1.9,0.338940327863983,1,0.657737652452296,-0.439912874444644+0i,1.32590102529116+0i
442,2,1.9,0.0716441831489886,2,0.288868972745604,-0.968156550504147+0i,0.827856481718516+0i
443,2,2,0.341132426607588,1,0.677585397250623,-0.332696006140606+0i,1.14871397970448+0i
444,2,2,0.0679755336391356,2,0.29516574709479,-0.969291202510092+0i,0.85395320174019+0i
445,2,2.1,0.3422342567546,1,0.695972644591531,-0.176547950267819+0i,0.902806682418651+0i
446,2,2.1,0.064602814990545,2,0.301735997286574,-0.970304026632571+0i,0.880145000119786+0i
447,2,2.2,0.342383838858909,1,0.713032727956829,0.201280116040345+0i,0.416367846480927+0i
448,2,2.2,0.0614869702311352,2,0.308541237132835,-0.971213496942211+0i,0.906211610664597+0i
449,2,2.3,0.341700100035965,1,0.728882146052509,0.245500336216877+-0.534793851195453i,0.245500336216877+0.534793851195453i
450,2,2.3,0.0585970545252796,2,0.315551699606908,-0.972033819859135+0i,0.931979461627124+0i
451,2,2.4,0.340286345571761,1,0.743623791446207,0.173516354803265+-0.772575344468162i,0.173516354803265+0.772575344468162i
452,2,2.4,0.0559080018475014,2,0.322743842734302,-0.972776135283018+0i,0.957308094067143+0i
453,2,2.5,0.338232855736751,1,0.757349283605126,0.0931893137949152+-0.957229376863506i,0.0931893137949152+0.957229376863506i
454,2,2.5,0.0533991210413532,2,0.33009868156203,-0.973449319318727+0i,0.982081015275517+0i
455,2,2.6,0.335618893905121,1,0.770140718735783,0.00480295165321778+-1.11325875278155i,0.00480295165321778+1.11325875278155i
456,2,2.6,0.051053053028584,2,0.337600640603448,-0.974060536704812+0i,1.00619935484625+0i
457,2,2.7,0.332514301537064,1,0.782072024367079,-0.0913866820183338+-1.24939640068208i,-0.0913866820183338+1.24939640068208i
458,2,2.7,0.0488550291808826,2,0.345236744938559,-0.974615630557249+0i,1.02957734750933+0i
459,2,2.8,0.328980792504944,1,0.793210036307713,-0.195146277349456+-1.36968454017421i,-0.195146277349456+1.36968454017421i
460,2,2.8,0.0467923319555505,2,0.352996037850659,-0.97511940319761+0i,1.05213903821647+0i
461,2,2.9,0.32507302167442,1,0.803615374245583,-0.306260978398411+-1.47619618691933i,-0.306260978398411+1.47619618691933i
462,2,2.9,0.0448538947434391,2,0.360869153694634,-0.975575822125816+0i,1.07381582331354+0i
463,2,3,0.320839479400881,1,0.81334316704141,-0.424530598612714+-1.57000094346749i,-0.424530598612714+1.57000094346749i
464,2,3,0.043029999633542,2,0.368847999413667,-0.975988173312189+0i,1.09454457433288+0i
465,2,3.1,0.316323248704765,1,0.822443662901719,-0.549766223105365+-1.65158038743545i,-0.549766223105365+1.65158038743545i
466,2,3.1,0.0413120453973515,2,0.376925513543709,-0.976359176592397+0i,1.11426617394695+0i
467,2,3.2,0.311562652037307,1,0.830962749341183,-0.68178711445154+-1.7210272225165i,-0.68178711445154+1.7210272225165i
468,2,3.2,0.0396923667197839,2,0.385095481420446,-0.976691073224498+0i,1.1329243468681+0i
469,2,3.3,0.306591807839312,1,0.838942401013258,-0.820417859669978+-1.77814466761545i,-0.820417859669978+1.77814466761545i
470,2,3.3,0.038164091430704,2,0.393352391774969,-0.97698569257073+0i,1.15046470338732+0i
471,2,3.4,0.301441112401807,1,0.846421068835035,-0.965485710517287+-1.82249265549232i,-0.965485710517287+1.82249265549232i
472,2,3.4,0.0367210263298301,2,0.401691324234115,-0.977244502788996+0i,1.16683393656545+0i
473,2,3.5,0.296137659170542,1,0.853434020589922,-1.11681807944076+-1.85340044185901i,-1.11681807944076+1.85340044185901i
474,2,3.5,0.0353575648193831,2,0.410107860192951,-0.977468648992746+0i,1.18197912991953+0i
475,2,3.6,0.29070560516506,1,0.860013640883903,-1.27424016090786+-1.86995267877265i,-1.27424016090786+1.86995267877265i
476,2,3.6,0.0340686113798824,2,0.418598011573398,-0.977658981335801+0i,1.19584714332463+0i
477,2,3.7,0.285166492330387,1,0.866189696654874,-1.43757265325109+-1.87094824411636i,-1.43757265325109+1.87094824411636i
478,2,3.7,0.0328495192092699,2,0.42715816342413,-0.97781607475633+0i,1.20838405238936+0i
479,2,3.8,0.279539530223657,1,0.871989573193637,-1.60662956021572+-1.85482368597532i,-1.60662956021572+1.85482368597532i
480,2,3.8,0.031696038265023,2,0.435785027346441,-0.977940241577719+0i,1.21953462179922+0i
481,2,3.9,0.273841845336936,1,0.877438484699745,-1.78121605445936+-1.81952220567341i,-1.78121605445936+1.81952220567341i
482,2,3.9,0.0306042716157391,2,0.444475603476016,-0.978031537750627+0i,1.22924179673585+0i
483,2,4,0.268088701487809,1,0.882559662678056,-1.96112638758354+-1.76226809312557i,-1.96112638758354+1.76226809312557i
484,2,4,0.0295706384982722,2,0.45322714929689,-0.978089763186505+0i,1.23744619892094+0i
485,2,4.1,0.262293695012469,1,0.887374524922693,-2.14614183305416+-1.67915917162824i,-2.14614183305416+1.67915917162824i
486,2,4.1,0.0285918428401875,2,0.462037153969141,-0.978114456346627+0i,1.2440856153982+0i
487,2,4.2,0.256468927930717,1,0.891902827392519,-2.33602864970853+-1.56436720321707i,-2.33602864970853+1.56436720321707i
488,2,4.2,0.0276648462804638,2,0.470903317156053,-0.97810488298787+0i,1.24909446905022+0i
489,2,4.3,0.250625161788463,1,0.896162800926541,-2.53053605453234+-1.40836085258721i,-2.53053605453234+1.40836085258721i
490,2,4.3,0.0267868449287663,2,0.479823531567505,-0.978060018706177+0i,1.25240326017359+0i
491,2,4.4,0.244771954498879,1,0.900171274457892,-2.72939419407449+-1.19310097000367i,-2.72939419407449+1.19310097000367i
492,2,4.4,0.0259552492627561,2,0.488795868613981,-0.977978524641611+0i,1.25393796827603+0i
493,2,4.5,0.238917782181835,1,0.903943786145486,-2.93231210428241+-0.873427309894125i,-2.93231210428241+0.873427309894125i
494,2,4.5,0.0251676666863549,2,0.497818566704074,-0.977858715394514+0i,1.2536194026459+0i
495,2,4.6,0.233070147730107,1,0.907494683641805,-3.18685248681043+0i,-3.09109881059639+0i
496,2,4.6,0.0244218863687565,2,0.506890021828012,-0.977698517826922+0i,1.25136248917291+0i
497,2,4.7,0.227235677600384,1,0.910837214544744,-4.28466761761266+0i,-2.41342323220772+0i
498,2,4.7,0.0237158660609696,2,0.516008780158281,-0.977495418957251+0i,1.24707547933407+0i
499,2,4.8,0.221420208129753,1,0.913983607934315,-4.9256614641435+0i,-2.19864779317827+0i
500,2,4.8,0.0230477206487743,2,0.525173532471598,-0.977246400560261+0i,1.24065906513132+0i
501,2,4.9,0.215628862508101,1,0.916945147766039,-5.49708678579912+0i,-2.05872694354563+0i
502,2,4.9,0.0224157122519572,2,0.534383110258875,-0.976947857304894+0i,1.23200538096624+0i
503,2,5,0.209866119388785,1,0.91973223877757,-6.03691325424348+0i,-1.95483452962029+0i
504,2,5,0.0218182417224809,2,0.543636483444962,-0.976595494224474+0i,1.22099686980385+0i
505,2,5.1,0.204135873990032,1,0.922354465459864,-6.55870308144992+0i,-1.87248349883027+0i
506,2,5.1,0.0212538414311667,2,0.552932759690957,-0.976184197909504+0i,1.20750498628597+0i
507,2,5.2,0.198441492424354,1,0.924820644545683,-7.06862236398976+0i,-1.80450970019691+0i
508,2,5.2,0.0207211692654421,2,0.562271185301502,-0.975707873885717+0i,1.19138870338708+0i
509,2,5.3,0.192785859889881,1,0.927138871373155,-7.56970071244716+0i,-1.74680717648671+0i
510,2,5.3,0.0202190037914023,2,0.571651147810289,-0.975159239956978+0i,1.17249278131596+0i
511,2,5.4,0.187171423263164,1,0.929316560387381,-8.06336044445276+0i,-1.69679362838273+0i
512,2,5.4,0.0197462405634083,2,0.581072180371889,-0.97452956150355+0i,1.15064574701789+0i
513,2,5.5,0.181600228545213,1,0.931360479944947,-8.55008447514532+0i,-1.6527368678373+0i
514,2,5.5,0.0193018895952493,2,0.590533968150024,-0.973808309294697+0i,1.12565751890631+0i
515,2,5.6,0.176073953528656,1,0.933276781480751,-9.0297467967332+0i,-1.61341830975538+0i
516,2,5.6,0.0188850740402308,2,0.600036356965289,-0.972982712462312+0i,1.09731659299906+0i
517,2,5.7,0.170593935971258,1,0.935071022978493,-9.50179035582854+0i,-1.57794862103486+0i
518,2,5.7,0.0184950301653764,2,0.609579364553905,-0.972037167554927+0i,1.06538668142503+0i
519,2,5.8,0.165161197476468,1,0.93674818654917,-9.96532829073604+0i,-1.54565947544275+0i
520,2,5.8,0.0181311087497207,2,0.619163194899397,-0.970952446876265+0i,1.02960265918669+0i
521,2,5.9,0.159776463191396,1,0.938312689757243,-10.419203379587+0i,-1.51603645185203+0i
522,2,5.9,0.0177927780915863,2,0.628788256239658,-0.969704621987391+0i,0.989665625190308+0i
523,2,6,0.154440177331883,1,0.939768390130143,-10.8620230558604+0i,-1.48867557845312+0i
524,2,6,0.0174796288790946,2,0.638455183534008,-0.968263575112975+0i,0.945236810882106+0i
525,2,6.1,0.149152514426625,1,0.941118582027106,-11.2921791778076+0i,-1.46325415677099+0i
526,2,6.1,0.017191381267887,2,0.648164866414709,-0.966590901297584+0i,0.895929960870518+0i
527,2,6.2,0.143913386028962,1,0.942365984704876,-11.7078576161002+0i,-1.43951056954404+0i
528,2,6.2,0.0169278946285509,2,0.657918483967954,-0.964636887543913+0i,0.841301641094355+0i
529,2,6.3,0.138722442463362,1,0.943512719967198,-12.1070404919142+0i,-1.41722993826724+0i
530,2,6.3,0.0166891805856985,2,0.667717548123678,-0.962336054003436+0i,0.780838658360199+0i
531,2,6.4,0.133579068935609,1,0.944560277173189,-12.4875025950315+0i,-1.39623370243746+0i
532,2,6.4,0.0164754201888846,2,0.677563958030657,-0.959600381703698+0i,0.713941317887418+0i
533,2,6.5,0.128482375014439,1,0.94550946253321,-12.8468026759323+0i,-1.37637189429879+0i
534,2,6.5,0.0162869863593085,2,0.68746006862641,-0.956308675379939+0i,0.639900435552987+0i
535,2,6.6,0.123431176046527,1,0.946360328427942,-13.1822696942037+0i,-1.3575173059485+0i
536,2,6.6,0.0161244731863131,2,0.697408777792246,-0.95228917418521+0i,0.557864496976603+0i
537,2,6.7,0.118423964432892,1,0.947112076772967,-13.4909835726251+0i,-1.33956100855264+0i
538,2,6.7,0.0159887342675833,2,0.707413638186145,-0.947289709598839+0i,0.46679027189826+0i
539,2,6.8,0.11345886777145,1,0.947762927940623,-13.7697494449676+0i,-1.32240885092432+0i
540,2,6.8,0.0158809331977429,2,0.717479002346673,-0.940923300301036+0i,0.365363388781313+0i
541,2,6.9,0.108533589492749,1,0.948309942992744,-14.0150636908731+0i,-1.30597867346132+0i
542,2,6.9,0.0158026106765702,2,0.727610213410237,-0.932560940149974+0i,0.251858654878091+0i
543,2,7,0.103645325507685,1,0.948748781218445,-14.2230690883782+0i,-1.29019804463454+0i
544,2,7,0.0157557748062904,2,0.737813859535097,-0.921096985690154+0i,0.123862665554829+0i
545,2,7.1,0.0987906470709411,1,0.949073365911677,-14.3894949770123+0i,-1.27500237322463+0i
546,2,7.1,0.0157430244535189,2,0.748098119177516,-0.904352083993756+0i,-0.022380610702939+0i
547,2,7.2,0.0939653346922282,1,0.949275416649037,-14.5095760611391+0i,-1.26033327720231+0i
548,2,7.2,0.0157677209150795,2,0.758473239032794,-0.877133874541756+0i,-0.193987527951334+0i
549,2,7.3,0.0891641389238076,1,0.949343781752567,-14.5779397591657+0i,-1.24613710248049+0i
550,2,7.3,0.0158342321233537,2,0.76895221102345,-0.820743324437518+0i,-0.412038081690763+0i
551,2,7.4,0.0843804281652713,1,0.949263461849873,-14.588445605938+0i,-1.23236348089435+0i
552,2,7.4,0.0159482893078885,2,0.779551757483564,-0.707354076053345+-0.164776917676951i,-0.707354076053345+0.164776917676951i
553,2,7.5,0.0796056550321665,1,0.949014137580416,-14.5339486948228+0i,-1.21896379051798+0i
554,2,7.5,0.0161175246186246,2,0.790293811546561,-0.810372548840881+-0.292440897389798i,-0.810372548840881+0.292440897389798i
555,2,7.6,0.0748285178559766,1,0.948567864997061,-14.4059372505519+0i,-1.20588931639186+0i
556,2,7.6,0.0163523131900091,2,0.801207829238823,-0.927971680780725+-0.355842615470529i,-0.927971680780725+0.355842615470529i
557,2,7.7,0.0700335811385907,1,0.94788529609202,-14.1939500383995+0i,-1.19308876580315+0i
558,2,7.7,0.0166671558649965,2,0.812334575897091,-1.06357106991385+-0.374500587896133i,-1.06357106991385+0.374500587896133i
559,2,7.8,0.0651988684320672,1,0.946909103186092,-13.8845819011162+0i,-1.18050446688555+0i
560,2,7.8,0.0170830891461063,2,0.823732708214032,-1.22198113401085+-0.332249662328755i,-1.22198113401085+0.332249662328755i
561,2,7.9,0.0602913259428164,1,0.945551620932466,-13.4596491946136+0i,-1.16806578336887+0i
562,2,7.9,0.0176322241086414,2,0.835491138200295,-1.41032131339194+-0.103604869727956i,-1.41032131339194+0.103604869727956i
563,2,8,0.0552573261610514,1,0.943669048018734,-12.8924303010577+0i,-1.15567607262937+0i
564,2,8,0.0183672450060864,2,0.847754837015825,-2.09259196212472+0i,-1.18721592439158+0i
565,2,8.1,0.0499995066626569,1,0.940998707456161,-12.13869438491+0i,-1.14318216590611+0i
566,2,8.1,0.0193845724483792,2,0.860787579814753,-2.72227768468111+0i,-1.13918776331617+0i
567,2,8.2,0.0443043631734772,1,0.93696351877798,-11.1092967174473+0i,-1.13028255584528+0i
568,2,8.2,0.0208967720881768,2,0.875167478312787,-3.53490976840724+0i,-1.11558730124314+0i
569,2,8.3,0.0374610923840352,1,0.929646505741534,-9.52972344371642+0i,-1.11606670392845+0i
570,2,8.3,0.0236137133497805,2,0.892812477510416,-4.81444123703437+0i,-1.10312865936352+0i
571,2,8.4,0.0290763087205099,1,0.917924507370967,-7.35136720984587+0i,-1.09869775292948+0i
572,2,8.4,0.0290763087205099,2,0.917924507370967,-7.35136720984587+0i,-1.09869775292948+0i
573,2,8.5,0.0284291147523208,1,0.926758609831266,-8.04709089416889+0i,-1.08934603499305+0i
574,2,8.5,0.0284291147523208,2,0.926758609831266,-8.04709089416889+0i,-1.08934603499305+0i
575,2,8.6,0.0277999684823598,1,0.935615914272019,-8.76655117622836+0i,-1.08142004434503+0i
576,2,8.6,0.0277999684823598,2,0.935615914272019,-8.76655117622836+0i,-1.08142004434503+0i
577,2,8.7,0.0271882909298386,1,0.944495917147758,-9.51044482135564+0i,-1.0746184846598+0i
578,2,8.7,0.0271882909298386,2,0.944495917147758,-9.51044482135564+0i,-1.0746184846598+0i
579,2,8.8,0.0265935232103569,1,0.953398124060585,-10.2793868894516+0i,-1.06872018238028+0i
580,2,8.8,0.0265935232103569,2,0.953398124060585,-10.2793868894516+0i,-1.06872018238028+0i
581,2,8.9,0.026015125839389,1,0.962322049833501,-11.0739358836826+0i,-1.06355884901166+0i
582,2,8.9,0.026015125839389,2,0.962322049833501,-11.0739358836826+0i,-1.06355884901166+0i
583,2,9,0.0254525780553361,1,0.971267218554941,-11.8946098454063+0i,-1.05900689900595+0i
584,2,9,0.0254525780553361,2,0.971267218554941,-11.8946098454063+0i,-1.05900689900595+0i
585,2,9.1,0.024905377162264,1,0.980233163597585,-12.7418969994104+0i,-1.05496471915521+0i
586,2,9.1,0.024905377162264,2,0.980233163597585,-12.7418969994104+0i,-1.05496471915521+0i
587,2,9.2,0.0243730378923362,1,0.989219427614235,-13.6162629925389+0i,-1.05135334641699+0i
588,2,9.2,0.0243730378923362,2,0.989219427614235,-13.6162629925389+0i,-1.05135334641699+0i
589,2,9.3,0.0238550917878633,1,0.998225562513289,-14.5181559331916+0i,-1.04810934668632+0i
590,2,9.3,0.0238550917878633,2,0.998225562513289,-14.5181559331916+0i,-1.04810934668632+0i
591,2,9.4,NaN,NaN,NaN,NaN+0i,NaN+0i
592,2,9.4,NaN,NaN,NaN,NaN+0i,NaN+0i
593,2,9.5,NaN,NaN,NaN,NaN+0i,NaN+0i
594,2,9.5,NaN,NaN,NaN,NaN+0i,NaN+0i
595,2,9.6,NaN,NaN,NaN,NaN+0i,NaN+0i
596,2,9.6,NaN,NaN,NaN,NaN+0i,NaN+0i
597,2,9.7,NaN,NaN,NaN,NaN+0i,NaN+0i
598,2,9.7,NaN,NaN,NaN,NaN+0i,NaN+0i
599,2,9.8,NaN,NaN,NaN,NaN+0i,NaN+0i
600,2,9.8,NaN,NaN,NaN,NaN+0i,NaN+0i
601,2,9.9,NaN,NaN,NaN,NaN+0i,NaN+0i
602,2,9.9,NaN,NaN,NaN,NaN+0i,NaN+0i
603,2,10,NaN,NaN,NaN,NaN+0i,NaN+0i
604,2,10,NaN,NaN,NaN,NaN+0i,NaN+0i
605,4,-5,NaN,NaN,NaN,NaN+0i,NaN+0i
606,4,-5,NaN,NaN,NaN,NaN+0i,NaN+0i
607,4,-4.9,12.7238578735703,1,0.0189543149428128,-1.0194476287829+0i,-51.5627871306922+0i
608,4,-4.9,NaN,NaN,NaN,NaN+0i,NaN+0i
609,4,-4.8,6.13714265696275,1,0.0109714125570202,-1.01117966350055+0i,-25.358535805759+0i
610,4,-4.8,NaN,NaN,NaN,NaN+0i,NaN+0i
611,4,-4.7,3.98739473095023,1,0.00848736771402725,-1.00863861208299+0i,-16.8044729024608+0i
612,4,-4.7,NaN,NaN,NaN,NaN+0i,NaN+0i
613,4,-4.6,2.9211025447976,1,0.00737640716761547,-1.00751125205102+0i,-12.5599178179765+0i
614,4,-4.6,NaN,NaN,NaN,NaN+0i,NaN+0i
615,4,-4.5,2.28411970059702,1,0.00682394011940373,-1.00695740896588+0i,-10.0227782322285+0i
616,4,-4.5,NaN,NaN,NaN,NaN+0i,NaN+0i
617,4,-4.4,1.86066920939622,1,0.00656061025509196,-1.00670111322649+0i,-8.3347458298416+0i
618,4,-4.4,NaN,NaN,NaN,NaN+0i,NaN+0i
619,4,-4.3,1.55882868055933,1,0.00647203055661342,-1.00662591563598+0i,-7.13017592824464+0i
620,4,-4.3,NaN,NaN,NaN,NaN+0i,NaN+0i
621,4,-4.2,1.33281798324495,1,0.00650175463838366,-1.00667490149122+0i,-6.22696324492179+0i
622,4,-4.2,NaN,NaN,NaN,NaN+0i,NaN+0i
623,4,-4.1,1.15727509973367,1,0.00661903590412289,-1.00681760653044+0i,-5.52421849380558+0i
624,4,-4.1,NaN,NaN,NaN,NaN+0i,NaN+0i
625,4,-4,1.01701488490862,1,0.00680595396344641,-1.0070368615382+0i,-4.9615322398092+0i
626,4,-4,NaN,NaN,NaN,NaN+0i,NaN+0i
627,4,-3.9,0.902389921933323,1,0.00705156565066222,-1.00732285183783+0i,-4.50052221983668+0i
628,4,-3.9,NaN,NaN,NaN,NaN+0i,NaN+0i
629,4,-3.8,0.806977034685741,1,0.00734897664915568,-1.00767017682818+0i,-4.11563133748968+0i
630,4,-3.8,NaN,NaN,NaN,NaN+0i,NaN+0i
631,4,-3.7,0.726334150174286,1,0.00769375809062857,-1.00807629607426+0i,-3.78918311464645+0i
632,4,-3.7,NaN,NaN,NaN,NaN+0i,NaN+0i
633,4,-3.6,0.657291131637456,1,0.00808303371697549,-1.00854067424872+0i,-3.50856106860279+0i
634,4,-3.6,NaN,NaN,NaN,NaN+0i,NaN+0i
635,4,-3.5,0.597524871860607,1,0.00851492311636439,-1.00906430697876+0i,-3.26451875829717+0i
636,4,-3.5,NaN,NaN,NaN,NaN+0i,NaN+0i
637,4,-3.4,0.545294037187051,1,0.00898818379971281,-1.00964947182212+0i,-3.05012484946931+0i
638,4,-3.4,NaN,NaN,NaN,NaN+0i,NaN+0i
639,4,-3.3,0.499267601158797,1,0.00950196878798183,-1.01029962586335+0i,-2.86008122639147+0i
640,4,-3.3,NaN,NaN,NaN,NaN+0i,NaN+0i
641,4,-3.2,0.458410629546277,1,0.0100556532733193,-1.01101941155034+0i,-2.69026881031241+0i
642,4,-3.2,NaN,NaN,NaN,NaN+0i,NaN+0i
643,4,-3.1,0.421906188534009,1,0.0106487032858471,-1.01181475572624+0i,-2.53743703633823+0i
644,4,-3.1,NaN,NaN,NaN,NaN+0i,NaN+0i
645,4,-3,0.389100712377379,1,0.0112805699019035,-1.01269306293599+0i,-2.39898660418741+0i
646,4,-3,NaN,NaN,NaN,NaN+0i,NaN+0i
647,4,-2.9,0.359464998254434,1,0.0119505985337244,-1.01366351827849+0i,-2.27281432826819+0i
648,4,-2.9,NaN,NaN,NaN,NaN+0i,NaN+0i
649,4,-2.8,0.332565848093634,1,0.0126579463223978,-1.01473753119126+0i,-2.1572002452674+0i
650,4,-2.8,NaN,NaN,NaN,NaN+0i,NaN+0i
651,4,-2.7,0.308045111624257,1,0.0134015026943165,-1.01592937372291+0i,-2.05072401767884+0i
652,4,-2.7,NaN,NaN,NaN,NaN+0i,NaN+0i
653,4,-2.6,0.285603968036109,1,0.0141798093146645,-1.01725710113664+0i,-1.95220194865518+0i
654,4,-2.6,NaN,NaN,NaN,NaN+0i,NaN+0i
655,4,-2.5,0.264990976296088,1,0.0149909762960884,-1.01874389971524+0i,-1.86063862459566+0i
656,4,-2.5,NaN,NaN,NaN,NaN+0i,NaN+0i
657,4,-2.4,0.245992876701318,1,0.0158325917693705,-1.02042010682139+0i,-1.77518890492293+0i
658,4,-2.4,NaN,NaN,NaN,NaN+0i,NaN+0i
659,4,-2.3,0.228427427671366,1,0.0167016218850757,-1.02232633361077+0i,-1.69512699593605+0i
660,4,-2.3,NaN,NaN,NaN,NaN+0i,NaN+0i
661,4,-2.2,0.212137766096145,1,0.0175942980276828,-1.02451848358276+0i,-1.61981980028254+0i
662,4,-2.2,NaN,NaN,NaN,NaN+0i,NaN+0i
663,4,-2.1,0.196987920246359,1,0.0185059874857762,-1.02707621889174+0i,-1.54870154055147+0i
664,4,-2.1,NaN,NaN,NaN,NaN+0i,NaN+0i
665,4,-2,0.182859202500081,1,0.0194310430000973,-1.0301181473966+0i,-1.4812453331523+0i
666,4,-2,NaN,NaN,NaN,NaN+0i,NaN+0i
667,4,-1.9,0.169647278579006,1,0.0203626254379671,-1.03383133226425+0i,-1.41692334650678+0i
668,4,-1.9,NaN,NaN,NaN,NaN+0i,NaN+0i
669,4,-1.8,0.15725975953732,1,0.0212924922077702,-1.03853521859171+0i,-1.35513489609728+0i
670,4,-1.8,NaN,NaN,NaN,NaN+0i,NaN+0i
671,4,-1.7,0.145614198304913,1,0.0222107417624851,-1.04484389364976+0i,-1.29503816734488+0i
672,4,-1.7,NaN,NaN,NaN,NaN+0i,NaN+0i
673,4,-1.6,0.134636398083149,1,0.0231055013930833,-1.05420014869562+0i,-1.23501183370637+0i
674,4,-1.6,NaN,NaN,NaN,NaN+0i,NaN+0i
675,4,-1.5,0.124258957927136,1,0.02396254109799,-1.07196565829376+0i,-1.16956209792248+0i
676,4,-1.5,NaN,NaN,NaN,NaN+0i,NaN+0i
677,4,-1.4,0.114419993089244,1,0.0247647900485119,-1.09837118915117+-0.044105307447151i,-1.09837118915117+0.044105307447151i
678,4,-1.4,NaN,NaN,NaN,NaN+0i,NaN+0i
679,4,-1.3,0.105061975097024,1,0.0254917231435962,-1.07740710191758+-0.0707192770038575i,-1.07740710191758+0.0707192770038575i
680,4,-1.3,NaN,NaN,NaN,NaN+0i,NaN+0i
681,4,-1.2,0.0961306394224418,1,0.0261185719221115,-1.05787444703529+-0.0834450536518179i,-1.05787444703529+0.0834450536518179i
682,4,-1.2,NaN,NaN,NaN,NaN+0i,NaN+0i
683,4,-1.1,0.087573906633829,1,0.0266152943487732,-1.03980169889747+-0.0894090105068708i,-1.03980169889747+0.0894090105068708i
684,4,-1.1,NaN,NaN,NaN,NaN+0i,NaN+0i
685,4,-1,0.0793407549043915,1,0.0269452078470263,-1.02324625851984+-0.0908175325056655i,-1.02324625851984+0.0908175325056655i
686,4,-1,NaN,NaN,NaN,NaN+0i,NaN+0i
687,4,-0.899999999999999,0.0713799651364949,1,0.0270631428238517,-1.00829946848364+-0.088730598301948i,-1.00829946848364+0.088730598301948i
688,4,-0.899999999999999,NaN,NaN,NaN,NaN+0i,NaN+0i
689,4,-0.8,0.0636386298813278,1,0.0269128982006306,-0.99509405953705+-0.0837627948283853i,-0.99509405953705+0.0837627948283853i
690,4,-0.8,NaN,NaN,NaN,NaN+0i,NaN+0i
691,4,-0.7,0.0560602644889896,1,0.0264236549210621,-0.983815154719631+-0.0763160253561758i,-0.983815154719631+0.0763160253561758i
692,4,-0.7,NaN,NaN,NaN,NaN+0i,NaN+0i
693,4,-0.6,0.0485822657441197,1,0.0255047877096507,-0.974716687088592+-0.0666842856471416i,-0.974716687088592+0.0666842856471416i
694,4,-0.6,NaN,NaN,NaN,NaN+0i,NaN+0i
695,4,-0.5,0.0411322939192122,1,0.024038129054582,-0.968146395329405+-0.055115634705058i,-0.968146395329405+0.055115634705058i
696,4,-0.5,NaN,NaN,NaN,NaN+0i,NaN+0i
697,4,-0.399999999999999,0.0336228331187274,1,0.0218660129384584,-0.964585026606964+-0.0418605984232065i,-0.964585026606964+0.0418605984232065i
698,4,-0.399999999999999,NaN,NaN,NaN,NaN+0i,NaN+0i
699,4,-0.3,0.0259425412970934,1,0.0187719776385355,-0.964710304198626+-0.0272006513759066i,-0.964710304198626+0.0272006513759066i
700,4,-0.3,NaN,NaN,NaN,NaN+0i,NaN+0i
701,4,-0.199999999999999,0.0179416182131893,1,0.0144479069693235,-0.969506800949575+-0.0110562392140548i,-0.969506800949575+0.0110562392140548i
702,4,-0.199999999999999,NaN,NaN,NaN,NaN+0i,NaN+0i
703,4,-0.0999999999999996,0.00940517136940105,1,0.00843413588402606,-0.988310762665041+0i,-0.972624657940753+0i
704,4,-0.0999999999999996,NaN,NaN,NaN,NaN+0i,NaN+0i
705,4,0,NaN,NaN,NaN,NaN+0i,NaN+0i
706,4,0,NaN,NaN,NaN,NaN+0i,NaN+0i
707,4,0.100000000000001,NaN,NaN,NaN,NaN+0i,NaN+0i
708,4,0.100000000000001,NaN,NaN,NaN,NaN+0i,NaN+0i
709,4,0.2,NaN,NaN,NaN,NaN+0i,NaN+0i
710,4,0.2,NaN,NaN,NaN,NaN+0i,NaN+0i
711,4,0.300000000000001,NaN,NaN,NaN,NaN+0i,NaN+0i
712,4,0.300000000000001,NaN,NaN,NaN,NaN+0i,NaN+0i
713,4,0.4,NaN,NaN,NaN,NaN+0i,NaN+0i
714,4,0.4,NaN,NaN,NaN,NaN+0i,NaN+0i
715,4,0.5,0.118126729030098,1,0.309878803866215,-0.700554430943151+-0.0352341039521454i,-0.700554430943151+0.0352341039521454i
716,4,0.5,0.118126729030098,2,0.309878803866215,-0.700554430943151+-0.0352341039521454i,-0.700554430943151+0.0352341039521454i
717,4,0.600000000000001,0.122308904871379,1,0.333971946911888,-0.729601111520495+0i,-0.603759994187335+0i
718,4,0.600000000000001,0.122308904871379,2,0.333971946911888,-0.729601111520495+0i,-0.603759994187335+0i
719,4,0.7,0.124944955938272,1,0.35487449953926,-0.742375885969367+0i,-0.523309306638674+0i
720,4,0.7,0.124944955938272,2,0.35487449953926,-0.742375885969367+0i,-0.523309306638674+0i
721,4,0.800000000000001,0.126405119007973,1,0.373259876098498,-0.750488345695032+0i,-0.447196024302051+0i
722,4,0.800000000000001,0.126405119007973,2,0.373259876098498,-0.750488345695032+0i,-0.447196024302051+0i
723,4,0.9,0.126954614388496,1,0.389612889956851,-0.757040008756522+0i,-0.372150237161934+0i
724,4,0.9,0.126954614388496,2,0.389612889956851,-0.757040008756522+0i,-0.372150237161934+0i
725,4,1,0.126790724363207,1,0.404297738471698,-0.76279868350312+0i,-0.297361966079734+0i
726,4,1,0.126790724363207,2,0.404297738471698,-0.76279868350312+0i,-0.297361966079734+0i
727,4,1.1,0.126064261458694,1,0.417596797959213,-0.768041510790008+0i,-0.222585603714602+0i
728,4,1.1,0.126064261458694,2,0.417596797959213,-0.768041510790008+0i,-0.222585603714602+0i
729,4,1.2,0.124892890621194,1,0.42973436874056,-0.772890258809558+0i,-0.147775933862409+0i
730,4,1.2,0.124892890621194,2,0.42973436874056,-0.772890258809558+0i,-0.147775933862409+0i
731,4,1.3,0.123369852619346,1,0.440892028600752,-0.777406758986901+0i,-0.0729763158573939+0i
732,4,1.3,0.123369852619346,2,0.440892028600752,-0.777406758986901+0i,-0.0729763158573939+0i
733,4,1.4,0.121569925295944,1,0.451219008757618,-0.781626629058754+0i,0.00172470231663191+0i
734,4,1.4,0.121569925295944,2,0.451219008757618,-0.781626629058754+0i,0.00172470231663191+0i
735,4,1.5,0.119553640534226,1,0.460839465388989,-0.785572864633641+0i,0.0762128140869426+0i
736,4,1.5,0.119553640534226,2,0.460839465388989,-0.785572864633641+0i,0.0762128140869426+0i
737,4,1.6,0.117370353246215,1,0.469857732570008,-0.789261828413353+0i,0.150357529435849+0i
738,4,1.6,0.117370353246215,2,0.469857732570008,-0.789261828413353+0i,0.150357529435849+0i
739,4,1.7,0.115060528249821,1,0.478362215709521,-0.792706066632974+0i,0.224017216337617+0i
740,4,1.7,0.115060528249821,2,0.478362215709521,-0.792706066632974+0i,0.224017216337617+0i
741,4,1.8,0.112657478463216,1,0.486428341419948,-0.795915701369461+0i,0.297041879895663+0i
742,4,1.8,0.112657478463216,2,0.486428341419948,-0.795915701369461+0i,0.297041879895663+0i
743,4,1.9,0.110188708418933,1,0.494120835236256,-0.798899146878283+0i,0.369274742329984+0i
744,4,1.9,0.110188708418933,2,0.494120835236256,-0.798899146878283+0i,0.369274742329984+0i
745,4,2,0.107676967686372,1,0.501495509521842,-0.801663490078974+0i,0.440553158004304+0i
746,4,2,0.107676967686372,2,0.501495509521842,-0.801663490078974+0i,0.440553158004304+0i
747,4,2.1,0.105141087051029,1,0.508600687224922,-0.804214697156857+0i,0.510709147173777+0i
748,4,2.1,0.105141087051029,2,0.508600687224922,-0.804214697156857+0i,0.510709147173777+0i
749,4,2.2,0.102596649330131,1,0.515478350070776,-0.806557726166227+0i,0.579569705731037+0i
750,4,2.2,0.102596649330131,2,0.515478350070776,-0.806557726166227+0i,0.579569705731037+0i
751,4,2.3,0.100056532503133,1,0.522165074909148,-0.808696586019973+0i,0.646956981037357+0i
752,4,2.3,0.100056532503133,2,0.522165074909148,-0.808696586019973+0i,0.646956981037357+0i
753,4,2.4,0.0975313530022667,1,0.52869280488671,-0.81063436253487+0i,0.712688366621138+0i
754,4,2.4,0.0975313530022667,2,0.52869280488671,-0.81063436253487+0i,0.712688366621138+0i
755,4,2.5,0.0950298300631157,1,0.535089490189347,-0.812373222031773+0i,0.776576547030939+0i
756,4,2.5,0.0950298300631157,2,0.535089490189347,-0.812373222031773+0i,0.776576547030939+0i
757,4,2.6,0.0925590870415564,1,0.541379624606331,-0.813914397560715+0i,0.838429511329413+0i
758,4,2.6,0.0925590870415564,2,0.541379624606331,-0.813914397560715+0i,0.838429511329413+0i
759,4,2.7,0.0901249019546043,1,0.547584698020181,-0.815258159791084+0i,0.898050545847215+0i
760,4,2.7,0.0901249019546043,2,0.547584698020181,-0.815258159791084+0i,0.898050545847215+0i
761,4,2.8,0.0877319167973989,1,0.553723580407885,-0.816403772795772+0i,0.955238211812727+0i
762,4,2.8,0.0877319167973989,2,0.553723580407885,-0.816403772795772+0i,0.955238211812727+0i
763,4,2.9,0.0853838131559961,1,0.559812849572948,-0.817349433747895+0i,1.00978631015171+0i
764,4,2.9,0.0853838131559961,2,0.559812849572948,-0.817349433747895+0i,1.00978631015171+0i
765,4,3,0.0830834600899773,1,0.565867072287927,-0.818092194601396+0i,1.06148383340827+0i
766,4,3,0.0830834600899773,2,0.565867072287927,-0.818092194601396+0i,1.06148383340827+0i
767,4,3.1,0.0808330390704474,1,0.57189904658825,-0.818627862942377+0i,1.11011490293642+0i
768,4,3.1,0.0808330390704474,2,0.57189904658825,-0.818627862942377+0i,1.11011490293642+0i
769,4,3.2,0.0786341498359753,1,0.577920011461999,-0.818950878242717+0i,1.15545868795869+0i
770,4,3.2,0.0786341498359753,2,0.577920011461999,-0.818950878242717+0i,1.15545868795869+0i
771,4,3.3,0.0764879003054873,1,0.583939829014218,-0.819054158611927+0i,1.19728930157105+0i
772,4,3.3,0.0764879003054873,2,0.583939829014218,-0.819054158611927+0i,1.19728930157105+0i
773,4,3.4,0.0743949831151269,1,0.589967143266826,-0.818928911718515+0i,1.23537566711192+0i
774,4,3.4,0.0743949831151269,2,0.589967143266826,-0.818928911718515+0i,1.23537566711192+0i
775,4,3.5,0.0723557408903497,1,0.596009519027189,-0.818564401708691+0i,1.26948134633002+0i
776,4,3.5,0.0723557408903497,2,0.596009519027189,-0.818564401708691+0i,1.26948134633002+0i
777,4,3.6,0.0703702219988041,1,0.602073563675886,-0.817947661518949+0i,1.29936431828016+0i
778,4,3.6,0.0703702219988041,2,0.602073563675886,-0.817947661518949+0i,1.29936431828016+0i
779,4,3.7,0.071172876053725,1,0.617681608666963,-0.799871938605119+0i,1.29829619995601+0i
780,4,3.7,0.0658086527273117,2,0.599014111491045,-0.832002527972663+0i,1.34071322445509+0i
781,4,3.8,0.0790735325133401,1,0.658338834446957,-0.712252935046079+0i,1.11803964940383+0i
782,4,3.8,0.0560256723389766,2,0.577210366633198,-0.870187690404472+0i,1.3568990633053+0i
783,4,3.9,0.0819888215129769,1,0.681880204586198,-0.637926184203753+0i,0.941488867757883+0i
784,4,3.9,0.0511089808329562,2,0.571947971765324,-0.883674656422329+0i,1.34824190119012+0i
785,4,4,0.0835516150363508,1,0.700785814130863,-0.550296449683273+0i,0.740570611193583+0i
786,4,4,0.0474410582830634,2,0.570787809819028,-0.89197781564233+0i,1.33616786697425+0i
787,4,4.1,0.0843356393042099,1,0.716981727067324,-0.42865635987535+0i,0.495778706133513+0i
788,4,4.1,0.0444619864605344,2,0.571841630716345,-0.897727532820161+0i,1.32253064049307+0i
789,4,4.2,0.0845830022817785,1,0.731265448396945,-0.157181100596314+0i,0.0923463655754784+0i
790,4,4.2,0.0419420762772281,2,0.574346840700199,-0.901903280800112+0i,1.3076705596478+0i
791,4,4.3,0.0844274774929602,1,0.744070216273812,-0.102336919969854+-0.419562090094848i,-0.102336919969854+0.419562090094848i
792,4,4.3,0.0397587227726559,2,0.57790244871428,-0.904982598387804+0i,1.2915586021535+0i
793,4,4.4,0.0839542551928785,1,0.755667999525223,-0.175779805403091+-0.599394017268466i,-0.175779805403091+0.599394017268466i
794,4,4.4,0.0378367783559903,2,0.582266286618524,-0.907232161997213+0i,1.27404380069417+0i
795,4,4.5,0.0832225714783982,1,0.766245771617913,-0.252355097980891+-0.729548229307709i,-0.252355097980891+0.729548229307709i
796,4,4.5,0.0361260352845281,2,0.587278934081207,-0.908812424307541+0i,1.25492659962544+0i
797,4,4.6,0.08227611721928,1,0.775940290122035,-0.331686569654954+-0.832512784307973i,-0.331686569654954+0.832512784307973i
798,4,4.6,0.0345909168795834,2,0.5928291208176,-0.909823169183351+0i,1.23398326670863+0i
799,4,4.7,0.0811484803502775,1,0.784856103759077,-0.413403830866924+-0.91653718557825i,-0.413403830866924+0.91653718557825i
800,4,4.7,0.0332051251667459,2,0.598835885646974,-0.910325834040066+0i,1.21097335049235+0i
801,4,4.8,0.0798662651351569,1,0.793075759329815,-0.497135393482587+-0.98566558037578i,-0.497135393482587+0.98566558037578i
802,4,4.8,0.0319486024188803,2,0.605238521482011,-0.910355228337008+0i,1.18564027874356+0i
803,4,4.9,0.0784510081249169,1,0.800665992174671,-0.582502866796085+-1.04218736604502i,-0.582502866796085+1.04218736604502i
804,4,4.9,0.0308056878472621,2,0.611990523875158,-0.909925790485162+0i,1.15770867464707+0i
805,4,5,0.076920419788832,1,0.807681679155328,-0.669115776402157+-1.08751563737735i,-0.669115776402157+1.08751563737735i
806,4,5,0.0297639413224338,2,0.619055765289735,-0.909034674553302+0i,1.12687967321793+0i
807,4,5.1,0.0752892233769262,1,0.814168462442782,-0.756566646936649+-1.12257479981391i,-0.756566646936649+1.12257479981391i
808,4,5.1,0.028813363331401,2,0.62640598785886,-0.90766271217103+0i,1.09282457563902+0i
809,4,5.2,0.0735697397422603,1,0.820164538148422,-0.84442606437674+-1.14799682590586i,-0.84442606437674+1.14799682590586i
810,4,5.2,0.0279458631240067,2,0.634019121545947,-0.905773661944895+0i,1.05517669449741+0i
811,4,5.3,0.0717723037363944,1,0.825701891393945,-0.932237458340543+-1.16423154437957i,-0.932237458340543+1.16423154437957i
812,4,5.3,0.0271548900419766,2,0.641878146972944,-0.903311757228322+0i,1.01352088997656+0i
813,4,5.4,0.0699055631936796,1,0.830807142885707,-1.01951133070959+-1.17161453190553i,-1.01951133070959+1.17161453190553i
814,4,5.4,0.0264351775559696,2,0.649970338632833,-0.90019721053832+0i,0.967379915434692+0i
815,4,5.5,0.0679766913077963,1,0.835502103492744,-1.10571860444799+-1.17041300917445i,-1.10571860444799+1.17041300917445i
816,4,5.5,0.0257825696898087,2,0.658286792697197,-0.896318897764286+0i,0.916196149987678+0i
817,4,5.6,0.0659915304622885,1,0.839804089160103,-1.19028266672697+-1.16086047637656i,-1.19028266672697+1.16086047637656i
818,4,5.6,0.0251939122009379,2,0.666822187731977,-0.891522765491712+0i,0.859306415670499+0i
819,4,5.7,0.0639546766020282,1,0.843726015856681,-1.27256951236522+-1.14318659904393i,-1.27256951236522+1.14318659904393i
820,4,5.7,0.0246669998149804,2,0.675574759208116,-0.885593290811594+0i,0.79590602597682+0i
821,4,5.8,0.0618695057260309,1,0.847276264736454,-1.35187511682779+-1.11764718413957i,-1.35187511682779+1.11764718413957i
822,4,5.8,0.024200578277935,2,0.684546498160679,-0.878222957971811+0i,0.724995293459796+0i
823,4,5.9,0.059738136176367,1,0.85045827372896,-1.42740870703618+-1.0845589199083i,-1.42740870703618+1.0845589199083i
824,4,5.9,0.0237944078589087,2,0.693743618264842,-0.868959738417502+0i,0.64529582377488+0i
825,4,6,0.0575613098829183,1,0.85326976348484,-1.49826980819697+-1.04434464444594i,-1.49826980819697+1.04434464444594i
826,4,6,0.0234494054189687,2,0.703177383843462,-0.857111143911786+0i,0.555110926132999+0i
827,4,6.1,0.0553381589794987,1,0.855701425868974,-1.56341553584476+-0.997597492343423i,-1.56341553584476+0.997597492343423i
828,4,6.1,0.023167898877175,2,0.712865471014657,-0.841554287086289+0i,0.45207251634612+0i
829,4,6.2,0.0530657940229839,1,0.857734757222968,-1.62161196031538+-0.945176984372967i,-1.62161196031538+0.945176984372967i
830,4,6.2,0.0229540580631008,2,0.722834180122692,-0.820315658250423+0i,0.332625878782717+0i
831,4,6.3,0.0507385902250882,1,0.859338427817399,-1.67135810191834+-0.888357871068182i,-1.67135810191834+0.888357871068182i
832,4,6.3,0.022814625744326,2,0.733122108364353,-0.789474723582954+0i,0.190783511603601+0i
833,4,6.4,0.048346918359154,1,0.860461947717742,-1.71075977153196+-0.829063565320369i,-1.71075977153196+0.829063565320369i
834,4,6.4,0.022760202344287,2,0.743786522689949,-0.739381846119506+0i,0.0140929885301953+0i
835,4,6.5,0.0458747551929505,1,0.861023873887572,-1.737303556844+-0.77022598170024i,-1.737303556844+0.77022598170024i
836,4,6.5,0.0228076496590579,2,0.754915188431667,-0.629085078329769+0i,-0.242386011511616+0i
837,4,6.6,0.0432947546033134,1,0.860887661359374,-1.74740866428568+-0.716301181323392i,-1.74740866428568+0.716301181323392i
838,4,6.6,0.022985032560561,2,0.766650551081003,-0.521652955610215+-0.270639782812901i,-0.521652955610215+0.270639782812901i
839,4,6.7,0.0405565620659142,1,0.859804710468478,-1.73540019664479+-0.673873198924968i,-1.73540019664479+0.673873198924968i
840,4,6.7,0.0233433161217405,2,0.779246719449746,-0.62549605903464+-0.435142727715477i,-0.62549605903464+0.435142727715477i
841,4,6.8,0.0375520624609867,1,0.857245734815857,-1.69055322420523+-0.652030283019887i,-1.69055322420523+0.652030283019887i
842,4,6.8,0.023991128338715,2,0.793238125758735,-0.757384434316767+-0.55615085800969i,-0.757384434316767+0.55615085800969i
843,4,6.9,0.0339528821710109,1,0.851615719134012,-1.58373738593819+-0.662350444080985i,-1.58373738593819+0.662350444080985i
844,4,6.9,0.0252572675781407,2,0.81022459367195,-0.945812090000723+-0.654519547761533i,-0.945812090000723+0.654519547761533i
845,4,7,0.0285745726864266,1,0.837157948894848,-1.32889264578743+-0.689320651714627i,-1.32889264578743+0.689320651714627i
846,4,7,0.0285745726864266,2,0.837157948894848,-1.32889264578743+-0.689320651714627i,-1.32889264578743+0.689320651714627i
847,4,7.1,0.0278860500305868,1,0.84496848214804,-1.46507287660585+-0.608674033411722i,-1.46507287660585+0.608674033411722i
848,4,7.1,0.0278860500305868,2,0.84496848214804,-1.46507287660585+-0.608674033411722i,-1.46507287660585+0.608674033411722i
849,4,7.2,0.027217817446657,1,0.852822949139686,-1.60810107906594+-0.469443300159961i,-1.60810107906594+0.469443300159961i
850,4,7.2,0.027217817446657,2,0.852822949139686,-1.60810107906594+-0.469443300159961i,-1.60810107906594+0.469443300159961i
851,4,7.3,0.026569208426283,1,0.860720505457312,-1.75812183667606+-0.136920472224804i,-1.75812183667606+0.136920472224804i
852,4,7.3,0.026569208426283,2,0.860720505457312,-1.75812183667606+-0.136920472224804i,-1.75812183667606+0.136920472224804i
853,4,7.4,0.0259395786425228,1,0.868660310066913,-2.40615918954488+0i,-1.42440016605911+0i
854,4,7.4,0.0259395786425228,2,0.868660310066913,-2.40615918954488+0i,-1.42440016605911+0i
855,4,7.5,0.025328305359446,1,0.87664152679723,-2.83191129483523+0i,-1.32752677582785+0i
856,4,7.5,0.025328305359446,2,0.87664152679723,-2.83191129483523+0i,-1.32752677582785+0i
857,4,7.6,0.0247347868347912,1,0.884663325647347,-3.23305678620872+0i,-1.27011162765756+0i
858,4,7.6,0.0247347868347912,2,0.884663325647347,-3.23305678620872+0i,-1.27011162765756+0i
859,4,7.7,0.0241584417194153,1,0.89272488393463,-3.63165126198683+0i,-1.230387369845+0i
860,4,7.7,0.0241584417194153,2,0.89272488393463,-3.63165126198683+0i,-1.230387369845+0i
861,4,7.8,0.0235987084567171,1,0.900825387298391,-4.03559324734938+0i,-1.2007432980463+0i
862,4,7.8,0.0235987084567171,2,0.900825387298391,-4.03559324734938+0i,-1.2007432980463+0i
863,4,7.9,0.0230550446847418,1,0.908964030573268,-4.44877845592116+0i,-1.17757101785525+0i
864,4,7.9,0.0230550446847418,2,0.908964030573268,-4.44877845592116+0i,-1.17757101785525+0i
865,4,8,0.0225269266432558,1,0.91714001854493,-4.87349346053107+0i,-1.15887069944872+0i
866,4,8,0.0225269266432558,2,0.91714001854493,-4.87349346053107+0i,-1.15887069944872+0i
867,4,8.1,0.0220138485877128,1,0.925352566599615,-5.31124631131908+0i,-1.14342038613373+0i
868,4,8.1,0.0220138485877128,2,0.925352566599615,-5.31124631131908+0i,-1.14342038613373+0i
869,4,8.2,0.0215153222117165,1,0.933600901277863,-5.76312122971909+0i,-1.13042122827698+0i
870,4,8.2,0.0215153222117165,2,0.933600901277863,-5.76312122971909+0i,-1.13042122827698+0i
871,4,8.3,0.021030876079306,1,0.941884260741908,-6.22995175572454+0i,-1.11932426521772+0i
872,4,8.3,0.021030876079306,2,0.941884260741908,-6.22995175572454+0i,-1.11932426521772+0i
873,4,8.4,0.0205600550681461,1,0.950201895165263,-6.71241366004204+0i,-1.10973744356552+0i
874,4,8.4,0.0205600550681461,2,0.950201895165263,-6.71241366004204+0i,-1.10973744356552+0i
875,4,8.5,0.0201024198244966,1,0.958553067052281,-7.21107846345662+0i,-1.10137202956525+0i
876,4,8.5,0.0201024198244966,2,0.958553067052281,-7.21107846345662+0i,-1.10137202956525+0i
877,4,8.6,0.0196575462306489,1,0.96693705149473,-7.72644601592806+0i,-1.09400996301451+0i
878,4,8.6,0.0196575462306489,2,0.96693705149473,-7.72644601592806+0i,-1.09400996301451+0i
879,4,8.7,0.0192250248853616,1,0.975353136371781,-8.25896522735327+0i,-1.08748306080286+0i
880,4,8.7,0.0192250248853616,2,0.975353136371781,-8.25896522735327+0i,-1.08748306080286+0i
881,4,8.8,0.0188044605976852,1,0.983800622499222,-8.8090477473848+0i,-1.08165927268582+0i
882,4,8.8,0.0188044605976852,2,0.983800622499222,-8.8090477473848+0i,-1.08165927268582+0i
883,4,8.9,0.0183954718944533,1,0.992278823733161,-9.37707727051302+0i,-1.07643331308856+0i
884,4,8.9,0.0183954718944533,2,0.992278823733161,-9.37707727051302+0i,-1.07643331308856+0i
885,4,9,NaN,NaN,NaN,NaN+0i,NaN+0i
886,4,9,NaN,NaN,NaN,NaN+0i,NaN+0i
887,4,9.1,NaN,NaN,NaN,NaN+0i,NaN+0i
888,4,9.1,NaN,NaN,NaN,NaN+0i,NaN+0i
889,4,9.2,NaN,NaN,NaN,NaN+0i,NaN+0i
890,4,9.2,NaN,NaN,NaN,NaN+0i,NaN+0i
891,4,9.3,NaN,NaN,NaN,NaN+0i,NaN+0i
892,4,9.3,NaN,NaN,NaN,NaN+0i,NaN+0i
893,4,9.4,NaN,NaN,NaN,NaN+0i,NaN+0i
894,4,9.4,NaN,NaN,NaN,NaN+0i,NaN+0i
895,4,9.5,NaN,NaN,NaN,NaN+0i,NaN+0i
896,4,9.5,NaN,NaN,NaN,NaN+0i,NaN+0i
897,4,9.6,NaN,NaN,NaN,NaN+0i,NaN+0i
898,4,9.6,NaN,NaN,NaN,NaN+0i,NaN+0i
899,4,9.7,NaN,NaN,NaN,NaN+0i,NaN+0i
900,4,9.7,NaN,NaN,NaN,NaN+0i,NaN+0i
901,4,9.8,NaN,NaN,NaN,NaN+0i,NaN+0i
902,4,9.8,NaN,NaN,NaN,NaN+0i,NaN+0i
903,4,9.9,NaN,NaN,NaN,NaN+0i,NaN+0i
904,4,9.9,NaN,NaN,NaN,NaN+0i,NaN+0i
905,4,10,NaN,NaN,NaN,NaN+0i,NaN+0i
906,4,10,NaN,NaN,NaN,NaN+0i,NaN+0i
