Все точки

     N     a     x2        tau        k        x1               LAM1                    LAM2        
    ___    _    ____    _________    ___    _________    ___________________    ____________________

      1    1      -5          NaN    NaN          NaN          NaN+0i                  NaN+0i       
      2    1      -5          NaN    NaN          NaN          NaN+0i                  NaN+0i       
      3    1    -4.9       56.961      1     0.079607      -1.0887+0i              -56.562+0i       
      4    1    -4.9          NaN    NaN          NaN          NaN+0i                  NaN+0i       
      5    1    -4.8       26.266      1     0.045325      -1.0489+0i               -26.48+0i       
      6    1    -4.8          NaN    NaN          NaN          NaN+0i                  NaN+0i       
      7    1    -4.7       16.829      1     0.034868      -1.0375+0i              -17.232+0i       
      8    1    -4.7          NaN    NaN          NaN          NaN+0i                  NaN+0i       
      9    1    -4.6       12.256      1     0.030236      -1.0325+0i              -12.745+0i       
     10    1    -4.6          NaN    NaN          NaN          NaN+0i                  NaN+0i       
     11    1    -4.5        9.559      1     0.027951      -1.0302+0i              -10.092+0i       
     12    1    -4.5          NaN    NaN          NaN          NaN+0i                  NaN+0i       
     13    1    -4.4       7.7813      1     0.026875      -1.0293+0i              -8.3378+0i       
     14    1    -4.4          NaN    NaN          NaN          NaN+0i                  NaN+0i       
     15    1    -4.3       6.5219      1     0.026531      -1.0292+0i              -7.0894+0i       
     16    1    -4.3          NaN    NaN          NaN          NaN+0i                  NaN+0i       
     17    1    -4.2       5.5836      1     0.026684      -1.0297+0i              -6.1537+0i       
     18    1    -4.2          NaN    NaN          NaN          NaN+0i                  NaN+0i       
     19    1    -4.1       4.8579      1     0.027209      -1.0307+0i              -5.4246+0i       
     20    1    -4.1          NaN    NaN          NaN          NaN+0i                  NaN+0i       
     21    1      -4       4.2803      1     0.028032      -1.0322+0i               -4.839+0i       
     22    1      -4          NaN    NaN          NaN          NaN+0i                  NaN+0i       
     23    1    -3.9       3.8101      1     0.029112       -1.034+0i              -4.3568+0i       
     24    1    -3.9          NaN    NaN          NaN          NaN+0i                  NaN+0i       
     25    1    -3.8       3.4202      1     0.030423      -1.0364+0i              -3.9515+0i       
     26    1    -3.8          NaN    NaN          NaN          NaN+0i                  NaN+0i       
     27    1    -3.7       3.0919      1     0.031951      -1.0392+0i              -3.6047+0i       
     28    1    -3.7          NaN    NaN          NaN          NaN+0i                  NaN+0i       
     29    1    -3.6       2.8121      1     0.033689      -1.0426+0i              -3.3033+0i       
     30    1    -3.6          NaN    NaN          NaN          NaN+0i                  NaN+0i       
     31    1    -3.5       2.5709      1     0.035634      -1.0466+0i              -3.0377+0i       
     32    1    -3.5          NaN    NaN          NaN          NaN+0i                  NaN+0i       
     33    1    -3.4       2.3612      1     0.037789      -1.0515+0i              -2.8004+0i       
     34    1    -3.4          NaN    NaN          NaN          NaN+0i                  NaN+0i       
     35    1    -3.3       2.1774      1     0.040157      -1.0574+0i              -2.5858+0i       
     36    1    -3.3          NaN    NaN          NaN          NaN+0i                  NaN+0i       
     37    1    -3.2       2.0153      1     0.042747      -1.0648+0i              -2.3893+0i       
     38    1    -3.2          NaN    NaN          NaN          NaN+0i                  NaN+0i       
     39    1    -3.1       1.8714      1     0.045566       -1.074+0i               -2.207+0i       
     40    1    -3.1          NaN    NaN          NaN          NaN+0i                  NaN+0i       
     41    1      -3       1.7431      1     0.048627      -1.0861+0i              -2.0351+0i       
     42    1      -3          NaN    NaN          NaN          NaN+0i                  NaN+0i       
     43    1    -2.9       1.6283      1     0.051943      -1.1025+0i                -1.87+0i       
     44    1    -2.9          NaN    NaN          NaN          NaN+0i                  NaN+0i       
     45    1    -2.8       1.5251      1     0.055528       -1.127+0i              -1.7062+0i       
     46    1    -2.8          NaN    NaN          NaN          NaN+0i                  NaN+0i       
     47    1    -2.7       1.4322      1     0.059402      -1.1703+0i              -1.5311+0i       
     48    1    -2.7          NaN    NaN          NaN          NaN+0i                  NaN+0i       
     49    1    -2.6       1.3483      1     0.063585      -1.2881-0.092613i       -1.2881+0.092613i
     50    1    -2.6          NaN    NaN          NaN          NaN+0i                  NaN+0i       
     51    1    -2.5       1.2724      1     0.068101       -1.228-0.20248i         -1.228+0.20248i 
     52    1    -2.5          NaN    NaN          NaN          NaN+0i                  NaN+0i       
     53    1    -2.4       1.2038      1     0.072978      -1.1701-0.2566i         -1.1701+0.2566i  
     54    1    -2.4          NaN    NaN          NaN          NaN+0i                  NaN+0i       
     55    1    -2.3       1.1417      1     0.078249      -1.1137-0.28979i        -1.1137+0.28979i 
     56    1    -2.3          NaN    NaN          NaN          NaN+0i                  NaN+0i       
     57    1    -2.2       1.0855      1     0.083951      -1.0587-0.30991i        -1.0587+0.30991i 
     58    1    -2.2          NaN    NaN          NaN          NaN+0i                  NaN+0i       
     59    1    -2.1       1.0349      1     0.090132      -1.0044-0.32016i        -1.0044+0.32016i 
     60    1    -2.1          NaN    NaN          NaN          NaN+0i                  NaN+0i       
     61    1      -2      0.98948      1     0.096843     -0.95055-0.32195i       -0.95055+0.32195i 
     62    1      -2          NaN    NaN          NaN          NaN+0i                  NaN+0i       
     63    1    -1.9      0.94888      1      0.10415     -0.89674-0.31568i       -0.89674+0.31568i 
     64    1    -1.9          NaN    NaN          NaN          NaN+0i                  NaN+0i       
     65    1    -1.8      0.91292      1      0.11213     -0.84255-0.30085i       -0.84255+0.30085i 
     66    1    -1.8          NaN    NaN          NaN          NaN+0i                  NaN+0i       
     67    1    -1.7      0.88146      1      0.12088     -0.78756-0.27582i       -0.78756+0.27582i 
     68    1    -1.7          NaN    NaN          NaN          NaN+0i                  NaN+0i       
     69    1    -1.6      0.85445      1      0.13051     -0.73129-0.23675i       -0.73129+0.23675i 
     70    1    -1.6          NaN    NaN          NaN          NaN+0i                  NaN+0i       
     71    1    -1.5      0.83189      1      0.14116     -0.67322-0.17306i       -0.67322+0.17306i 
     72    1    -1.5          NaN    NaN          NaN          NaN+0i                  NaN+0i       
     73    1    -1.4      0.81386      1      0.15299     -0.66682+0i              -0.5588+0i       
     74    1    -1.4          NaN    NaN          NaN          NaN+0i                  NaN+0i       
     75    1    -1.3      0.80051      1      0.16619     -0.75792+0i             -0.34092+0i       
     76    1    -1.3          NaN    NaN          NaN          NaN+0i                  NaN+0i       
     77    1    -1.2      0.79205      1      0.18098     -0.78717+0i             -0.17764+0i       
     78    1    -1.2          NaN    NaN          NaN          NaN+0i                  NaN+0i       
     79    1    -1.1      0.78871      1       0.1976     -0.80169+0i              -0.0206+0i       
     80    1    -1.1          NaN    NaN          NaN          NaN+0i                  NaN+0i       
     81    1      -1      0.79071      1      0.21628     -0.80826+0i              0.13807+0i       
     82    1      -1          NaN    NaN          NaN          NaN+0i                  NaN+0i       
     83    1    -0.9      0.79815      1      0.23724     -0.80923+0i               0.3013+0i       
     84    1    -0.9          NaN    NaN          NaN          NaN+0i                  NaN+0i       
     85    1    -0.8      0.81092      1      0.26059     -0.80555+0i              0.46976+0i       
     86    1    -0.8          NaN    NaN          NaN          NaN+0i                  NaN+0i       
     87    1    -0.7      0.82863      1      0.28631      -0.7976+0i              0.64235+0i       
     88    1    -0.7          NaN    NaN          NaN          NaN+0i                  NaN+0i       
     89    1    -0.6      0.85047      1      0.31421     -0.78546+0i              0.81626+0i       
     90    1    -0.6          NaN    NaN          NaN          NaN+0i                  NaN+0i       
     91    1    -0.5      0.87532      1       0.3439     -0.76913+0i              0.98723+0i       
     92    1    -0.5          NaN    NaN          NaN          NaN+0i                  NaN+0i       
     93    1    -0.4      0.90184      1      0.37485      -0.7485+0i               1.1501+0i       
     94    1    -0.4          NaN    NaN          NaN          NaN+0i                  NaN+0i       
     95    1    -0.3      0.92866      1      0.40647     -0.72341+0i               1.2993+0i       
     96    1    -0.3          NaN    NaN          NaN          NaN+0i                  NaN+0i       
     97    1    -0.2      0.95455      1      0.43818     -0.69362+0i               1.4299+0i       
     98    1    -0.2          NaN    NaN          NaN          NaN+0i                  NaN+0i       
     99    1    -0.1      0.97856      1      0.46949      -0.6587+0i               1.5374+0i       
    100    1    -0.1          NaN    NaN          NaN          NaN+0i                  NaN+0i       
    101    1       0            1      1          0.5     -0.61803+0i                1.618+0i       
    102    1       0          NaN    NaN          NaN          NaN+0i                  NaN+0i       
    103    1     0.1       1.0185      1      0.52941     -0.57068+0i               1.6688+0i       
    104    1     0.1     0.017429      2     0.018889     -0.99773+0i             -0.85193+0i       
    105    1     0.2       1.0337      1      0.55754      -0.5152+0i               1.6869+0i       
    106    1     0.2     0.030522      2     0.035872     -0.99594+0i             -0.72014+0i       
    107    1     0.3       1.0458      1      0.58428      -0.4494+0i               1.6695+0i       
    108    1     0.3     0.040275      2     0.051346     -0.99453+0i             -0.60148+0i       
    109    1     0.4       1.0547      1      0.60956     -0.36976+0i               1.6127+0i       
    110    1     0.4     0.047447      2     0.065622     -0.99342+0i             -0.49352+0i       
    111    1     0.5       1.0607      1      0.63337     -0.27007+0i               1.5104+0i       
    112    1     0.5     0.052623      2     0.078942     -0.99255+0i             -0.39439+0i       
    113    1     0.6       1.0638      1      0.65575      -0.1377+0i               1.3501+0i       
    114    1     0.6     0.056247      2     0.091498     -0.99188+0i             -0.30262+0i       
    115    1     0.7       1.0644      1      0.67673      0.06265+0i               1.0969+0i       
    116    1     0.7     0.058665      2      0.10344     -0.99136+0i             -0.21707+0i       
    117    1     0.8       1.0627      1      0.69636      0.54108-0.24951i        0.54108+0.24951i 
    118    1     0.8     0.060142      2      0.11488     -0.99096+0i             -0.13683+0i       
    119    1     0.9       1.0589      1      0.71472      0.49036-0.65697i        0.49036+0.65697i 
    120    1     0.9     0.060887      2      0.12592     -0.99066+0i            -0.061178+0i       
    121    1       1       1.0531      1      0.73187      0.42781-0.91428i        0.42781+0.91428i 
    122    1       1      0.06106      2      0.13664     -0.99044+0i             0.010446+0i       
    123    1     1.1       1.0457      1      0.74788      0.35363-1.1268i         0.35363+1.1268i  
    124    1     1.1      0.06079      2      0.14708     -0.99028+0i             0.078506+0i       
    125    1     1.2       1.0368      1      0.76282        0.268-1.3141i           0.268+1.3141i  
    126    1     1.2     0.060178      2      0.15731     -0.99017+0i              0.14338+0i       
    127    1     1.3       1.0266      1      0.77677       0.1711-1.4835i          0.1711+1.4835i  
    128    1     1.3     0.059302      2      0.16736     -0.99011+0i              0.20536+0i       
    129    1     1.4       1.0153      1      0.78977      0.06306-1.6383i         0.06306+1.6383i  
    130    1     1.4     0.058228      2      0.17727     -0.99008+0i               0.2647+0i       
    131    1     1.5       1.0029      1      0.80191    -0.055996-1.7802i       -0.055996+1.7802i  
    132    1     1.5     0.057005      2      0.18705     -0.99008+0i              0.32161+0i       
    133    1     1.6      0.98975      1      0.81324     -0.18597-1.9097i        -0.18597+1.9097i  
    134    1     1.6     0.055674      2      0.19674     -0.99009+0i              0.37625+0i       
    135    1     1.7      0.97583      1      0.82381     -0.32677-2.0272i        -0.32677+2.0272i  
    136    1     1.7     0.054267      2      0.20636     -0.99012+0i              0.42877+0i       
    137    1     1.8      0.96129      1      0.83367     -0.47835-2.1322i        -0.47835+2.1322i  
    138    1     1.8     0.052811      2      0.21591     -0.99017+0i              0.47928+0i       
    139    1     1.9      0.94621      1      0.84289     -0.64066-2.2242i        -0.64066+2.2242i  
    140    1     1.9     0.051327      2      0.22542     -0.99022+0i              0.52787+0i       
    141    1       2      0.93071      1      0.85149     -0.81366-2.3025i        -0.81366+2.3025i  
    142    1       2      0.04983      2      0.23488     -0.99029+0i              0.57464+0i       
    143    1     2.1      0.91484      1      0.85954     -0.99733-2.366i         -0.99733+2.366i   
    144    1     2.1     0.048335      2      0.24432     -0.99035+0i              0.61963+0i       
    145    1     2.2      0.89869      1      0.86705      -1.1917-2.4134i         -1.1917+2.4134i  
    146    1     2.2     0.046851      2      0.25373     -0.99042+0i              0.66292+0i       
    147    1     2.3      0.88231      1      0.87408      -1.3967-2.4428i         -1.3967+2.4428i  
    148    1     2.3     0.045387      2      0.26313     -0.99049+0i              0.70454+0i       
    149    1     2.4      0.86576      1      0.88066      -1.6123-2.4523i         -1.6123+2.4523i  
    150    1     2.4     0.043949      2      0.27252     -0.99056+0i              0.74453+0i       
    151    1     2.5      0.84909      1      0.88682      -1.8387-2.4391i         -1.8387+2.4391i  
    152    1     2.5     0.042543      2      0.28191     -0.99063+0i              0.78293+0i       
    153    1     2.6      0.83234      1      0.89258      -2.0757-2.3998i         -2.0757+2.3998i  
    154    1     2.6     0.041171      2      0.29129      -0.9907+0i              0.81974+0i       
    155    1     2.7      0.81556      1      0.89798      -2.3234-2.3296i         -2.3234+2.3296i  
    156    1     2.7     0.039838      2      0.30068     -0.99077+0i                0.855+0i       
    157    1     2.8      0.79877      1      0.90304      -2.5818-2.222i          -2.5818+2.222i   
    158    1     2.8     0.038544      2      0.31006     -0.99083+0i              0.88872+0i       
    159    1     2.9        0.782      1      0.90778      -2.8509-2.067i          -2.8509+2.067i   
    160    1     2.9     0.037291      2      0.31946     -0.99089+0i              0.92089+0i       
    161    1       3      0.76529      1      0.91223      -3.1306-1.8479i         -3.1306+1.8479i  
    162    1       3      0.03608      2      0.32886     -0.99094+0i              0.95153+0i       
    163    1     3.1      0.74865      1      0.91641      -3.4209-1.5318i         -3.4209+1.5318i  
    164    1     3.1     0.034911      2      0.33828     -0.99099+0i              0.98064+0i       
    165    1     3.2      0.73211      1      0.92033      -3.7219-1.0237i         -3.7219+1.0237i  
    166    1     3.2     0.033784      2       0.3477     -0.99103+0i               1.0082+0i       
    167    1     3.3      0.71567      1      0.92401      -4.7401+0i              -3.3266+0i       
    168    1     3.3     0.032699      2      0.35714     -0.99107+0i               1.0342+0i       
    169    1     3.4      0.69936      1      0.92747      -5.8772+0i              -2.8335+0i       
    170    1     3.4     0.031655      2      0.36659      -0.9911+0i               1.0587+0i       
    171    1     3.5       0.6832      1      0.93072      -6.7904+0i               -2.585+0i       
    172    1     3.5     0.030652      2      0.37605     -0.99112+0i               1.0816+0i       
    173    1     3.6      0.66718      1      0.93377      -7.6449+0i              -2.4157+0i       
    174    1     3.6     0.029689      2      0.38553     -0.99114+0i               1.1029+0i       
    175    1     3.7      0.65132      1      0.93665      -8.4784+0i              -2.2877+0i       
    176    1     3.7     0.028765      2      0.39503     -0.99115+0i               1.1225+0i       
    177    1     3.8      0.63563      1      0.93935       -9.306+0i              -2.1853+0i       
    178    1     3.8     0.027879      2      0.40453     -0.99115+0i               1.1406+0i       
    179    1     3.9      0.62011      1       0.9419      -10.136+0i              -2.1004+0i       
    180    1     3.9      0.02703      2      0.41406     -0.99114+0i                1.157+0i       
    181    1       4      0.60478      1       0.9443      -10.972+0i              -2.0282+0i       
    182    1       4     0.026216      2      0.42359     -0.99113+0i               1.1717+0i       
    183    1     4.1      0.58962      1      0.94656      -11.817+0i              -1.9655+0i       
    184    1     4.1     0.025438      2      0.43315      -0.9911+0i               1.1846+0i       
    185    1     4.2      0.57466      1      0.94868      -12.672+0i              -1.9102+0i       
    186    1     4.2     0.024694      2      0.44272     -0.99107+0i               1.1958+0i       
    187    1     4.3      0.55988      1      0.95069      -13.539+0i              -1.8609+0i       
    188    1     4.3     0.023982      2       0.4523     -0.99102+0i               1.2051+0i       
    189    1     4.4       0.5453      1      0.95258      -14.417+0i              -1.8164+0i       
    190    1     4.4     0.023301      2       0.4619     -0.99096+0i               1.2126+0i       
    191    1     4.5      0.53091      1      0.95436      -15.307+0i               -1.776+0i       
    192    1     4.5     0.022652      2      0.47152     -0.99089+0i               1.2182+0i       
    193    1     4.6      0.51671      1      0.95604      -16.207+0i               -1.739+0i       
    194    1     4.6     0.022032      2      0.48115      -0.9908+0i               1.2218+0i       
    195    1     4.7      0.50271      1      0.95763      -17.119+0i              -1.7048+0i       
    196    1     4.7      0.02144      2       0.4908     -0.99071+0i               1.2233+0i       
    197    1     4.8       0.4889      1      0.95912       -18.04+0i              -1.6732+0i       
    198    1     4.8     0.020876      2      0.50046     -0.99059+0i               1.2227+0i       
    199    1     4.9      0.47528      1      0.96053      -18.969+0i              -1.6436+0i       
    200    1     4.9     0.020339      2      0.51014     -0.99046+0i               1.2199+0i       
    201    1       5      0.46186      1      0.96186      -19.906+0i               -1.616+0i       
    202    1       5     0.019828      2      0.51983     -0.99031+0i               1.2148+0i       
    203    1     5.1      0.44862      1      0.96311       -20.85+0i                -1.59+0i       
    204    1     5.1     0.019342      2      0.52954     -0.99014+0i               1.2073+0i       
    205    1     5.2      0.43558      1      0.96429      -21.798+0i              -1.5655+0i       
    206    1     5.2      0.01888      2      0.53926     -0.98994+0i               1.1973+0i       
    207    1     5.3      0.42272      1       0.9654      -22.749+0i              -1.5423+0i       
    208    1     5.3     0.018442      2        0.549     -0.98972+0i               1.1847+0i       
    209    1     5.4      0.41004      1      0.96645      -23.701+0i              -1.5203+0i       
    210    1     5.4     0.018027      2      0.55875     -0.98948+0i               1.1694+0i       
    211    1     5.5      0.39755      1      0.96743      -24.652+0i              -1.4993+0i       
    212    1     5.5     0.017634      2      0.56852      -0.9892+0i               1.1512+0i       
    213    1     5.6      0.38524      1      0.96836      -25.599+0i              -1.4793+0i       
    214    1     5.6     0.017263      2       0.5783     -0.98889+0i               1.1299+0i       
    215    1     5.7      0.37311      1      0.96923      -26.541+0i              -1.4601+0i       
    216    1     5.7     0.016913      2       0.5881     -0.98853+0i               1.1054+0i       
    217    1     5.8      0.36115      1      0.97005      -27.474+0i              -1.4418+0i       
    218    1     5.8     0.016583      2      0.59791     -0.98813+0i               1.0775+0i       
    219    1     5.9      0.34937      1      0.97081      -28.396+0i              -1.4241+0i       
    220    1     5.9     0.016274      2      0.60774     -0.98768+0i                1.046+0i       
    221    1       6      0.33775      1      0.97153      -29.304+0i              -1.4072+0i       
    222    1       6     0.015985      2      0.61758     -0.98716+0i               1.0106+0i       
    223    1     6.1       0.3263      1       0.9722      -30.194+0i              -1.3908+0i       
    224    1     6.1     0.015716      2      0.62745     -0.98657+0i              0.97098+0i       
    225    1     6.2      0.31502      1      0.97282      -31.062+0i               -1.375+0i       
    226    1     6.2     0.015467      2      0.63732      -0.9859+0i              0.92694+0i       
    227    1     6.3      0.30389      1       0.9734      -31.906+0i              -1.3598+0i       
    228    1     6.3     0.015237      2      0.64722     -0.98512+0i              0.87809+0i       
    229    1     6.4      0.29292      1      0.97393       -32.72+0i               -1.345+0i       
    230    1     6.4     0.015026      2      0.65713     -0.98421+0i              0.82404+0i       
    231    1     6.5      0.28211      1      0.97442        -33.5+0i              -1.3307+0i       
    232    1     6.5     0.014835      2      0.66706     -0.98315+0i              0.76433+0i       
    233    1     6.6      0.27144      1      0.97487      -34.243+0i              -1.3168+0i       
    234    1     6.6     0.014664      2      0.67701      -0.9819+0i              0.69846+0i       
    235    1     6.7      0.26092      1      0.97528      -34.942+0i              -1.3033+0i       
    236    1     6.7     0.014513      2      0.68698     -0.98041+0i              0.62583+0i       
    237    1     6.8      0.25055      1      0.97565      -35.593+0i              -1.2902+0i       
    238    1     6.8     0.014383      2      0.69697      -0.9786+0i              0.54575+0i       
    239    1     6.9      0.24031      1      0.97597       -36.19+0i              -1.2774+0i       
    240    1     6.9     0.014274      2      0.70699     -0.97637+0i              0.45739+0i       
    241    1       7      0.23021      1      0.97626      -36.726+0i               -1.265+0i       
    242    1       7     0.014187      2      0.71702     -0.97356+0i              0.35979+0i       
    243    1     7.1      0.22025      1       0.9765      -37.196+0i              -1.2528+0i       
    244    1     7.1     0.014123      2      0.72709     -0.96994+0i              0.25175+0i       
    245    1     7.2       0.2104      1      0.97669      -37.593+0i              -1.2409+0i       
    246    1     7.2     0.014084      2      0.73718     -0.96509+0i              0.13173+0i       
    247    1     7.3      0.20068      1      0.97684      -37.909+0i              -1.2293+0i       
    248    1     7.3      0.01407      2      0.74731     -0.95829+0i           -0.0023189+0i       
    249    1     7.4      0.19108      1      0.97694      -38.137+0i               -1.218+0i       
    250    1     7.4     0.014085      2      0.75747     -0.94804+0i             -0.15345+0i       
    251    1     7.5      0.18159      1      0.97699      -38.267+0i              -1.2069+0i       
    252    1     7.5     0.014131      2      0.76766     -0.93059+0i             -0.32727+0i       
    253    1     7.6      0.17221      1      0.97698       -38.29+0i               -1.196+0i       
    254    1     7.6     0.014211      2      0.77791     -0.89172+0i              -0.5403+0i       
    255    1     7.7      0.16292      1      0.97691      -38.198+0i              -1.1853+0i       
    256    1     7.7     0.014329      2       0.7882     -0.81336-0.13598i       -0.81336+0.13598i 
    257    1     7.8      0.15373      1      0.97677      -37.977+0i              -1.1748+0i       
    258    1     7.8      0.01449      2      0.79855     -0.92269-0.22685i       -0.92269+0.22685i 
    259    1     7.9      0.14462      1      0.97656      -37.617+0i              -1.1645+0i       
    260    1     7.9     0.014702      2      0.80897      -1.0462-0.24521i        -1.0462+0.24521i 
    261    1       8      0.13558      1      0.97625      -37.102+0i              -1.1544+0i       
    262    1       8     0.014972      2      0.81946      -1.1865-0.1821i         -1.1865+0.1821i  
    263    1     8.1      0.12659      1      0.97583      -36.419+0i              -1.1443+0i       
    264    1     8.1     0.015313      2      0.83006      -1.5617+0i              -1.1332+0i       
    265    1     8.2      0.11764      1      0.97529      -35.546+0i              -1.1344+0i       
    266    1     8.2     0.015739      2      0.84078      -1.9826+0i              -1.0846+0i       
    267    1     8.3      0.10871      1      0.97458      -34.463+0i              -1.1246+0i       
    268    1     8.3     0.016274      2      0.85164      -2.4384+0i              -1.0649+0i       
    269    1     8.4     0.099756      1      0.97367      -33.139+0i              -1.1148+0i       
    270    1     8.4      0.01695      2      0.86271      -2.9684+0i              -1.0541+0i       
    271    1     8.5     0.090728      1      0.97248      -31.537+0i               -1.105+0i       
    272    1     8.5     0.017816      2      0.87405      -3.6058+0i              -1.0474+0i       
    273    1     8.6     0.081541      1       0.9709      -29.598+0i              -1.0951+0i       
    274    1     8.6     0.018956      2      0.88578      -4.3991+0i              -1.0432+0i       
    275    1     8.7     0.072041      1       0.9687      -27.227+0i               -1.085+0i       
    276    1     8.7     0.020522      2      0.89811      -5.4333+0i              -1.0408+0i       
    277    1     8.8     0.061881      1       0.9654       -24.23+0i              -1.0743+0i       
    278    1     8.8     0.022857      2      0.91154      -6.8919+0i                -1.04+0i       
    279    1     8.9     0.049893      1      0.95935      -19.995+0i               -1.062+0i       
    280    1     8.9     0.027129      2      0.92771      -9.3757+0i              -1.0416+0i       
    281    1       9     0.035995      1      0.95039      -14.635+0i              -1.0471+0i       
    282    1       9     0.035995      2      0.95039      -14.635+0i              -1.0471+0i       
    283    1     9.1     0.035222      1      0.95966      -15.824+0i              -1.0435+0i       
    284    1     9.1     0.035222      2      0.95966      -15.824+0i              -1.0435+0i       
    285    1     9.2     0.034469      1      0.96895      -17.052+0i              -1.0404+0i       
    286    1     9.2     0.034469      2      0.96895      -17.052+0i              -1.0404+0i       
    287    1     9.3     0.033736      1      0.97824      -18.319+0i              -1.0376+0i       
    288    1     9.3     0.033736      2      0.97824      -18.319+0i              -1.0376+0i       
    289    1     9.4     0.033023      1      0.98755      -19.627+0i               -1.035+0i       
    290    1     9.4     0.033023      2      0.98755      -19.627+0i               -1.035+0i       
    291    1     9.5      0.03233      1      0.99688      -20.974+0i              -1.0328+0i       
    292    1     9.5      0.03233      2      0.99688      -20.974+0i              -1.0328+0i       
    293    1     9.6          NaN    NaN          NaN          NaN+0i                  NaN+0i       
    294    1     9.6          NaN    NaN          NaN          NaN+0i                  NaN+0i       
    295    1     9.7          NaN    NaN          NaN          NaN+0i                  NaN+0i       
    296    1     9.7          NaN    NaN          NaN          NaN+0i                  NaN+0i       
    297    1     9.8          NaN    NaN          NaN          NaN+0i                  NaN+0i       
    298    1     9.8          NaN    NaN          NaN          NaN+0i                  NaN+0i       
    299    1     9.9          NaN    NaN          NaN          NaN+0i                  NaN+0i       
    300    1     9.9          NaN    NaN          NaN          NaN+0i                  NaN+0i       
    301    1      10          NaN    NaN          NaN          NaN+0i                  NaN+0i       
    302    1      10          NaN    NaN          NaN          NaN+0i                  NaN+0i       
    303    2      -5          NaN    NaN          NaN          NaN+0i                  NaN+0i       
    304    2      -5          NaN    NaN          NaN          NaN+0i                  NaN+0i       
    305    2    -4.9       26.429      1     0.038583      -1.0407+0i              -53.181+0i       
    306    2    -4.9          NaN    NaN          NaN          NaN+0i                  NaN+0i       
    307    2    -4.8       12.555      1      0.02219       -1.023+0i              -25.725+0i       
    308    2    -4.8          NaN    NaN          NaN          NaN+0i                  NaN+0i       
    309    2    -4.7       8.1188      1     0.017131      -1.0177+0i              -16.945+0i       
    310    2    -4.7          NaN    NaN          NaN          NaN+0i                  NaN+0i       
    311    2    -4.6        5.936      1     0.014876      -1.0154+0i              -12.621+0i       
    312    2    -4.6          NaN    NaN          NaN          NaN+0i                  NaN+0i       
    313    2    -4.5       4.6376      1     0.013758      -1.0143+0i              -10.046+0i       
    314    2    -4.5          NaN    NaN          NaN          NaN+0i                  NaN+0i       
    315    2    -4.4       3.7769      1     0.013228      -1.0138+0i               -8.336+0i       
    316    2    -4.4          NaN    NaN          NaN          NaN+0i                  NaN+0i       
    317    2    -4.3       3.1647      1     0.013052      -1.0137+0i               -7.117+0i       
    318    2    -4.3          NaN    NaN          NaN          NaN+0i                  NaN+0i       
    319    2    -4.2        2.707      1     0.013117      -1.0138+0i              -6.2032+0i       
    320    2    -4.2          NaN    NaN          NaN          NaN+0i                  NaN+0i       
    321    2    -4.1        2.352      1     0.013361      -1.0142+0i               -5.492+0i       
    322    2    -4.1          NaN    NaN          NaN          NaN+0i                  NaN+0i       
    323    2      -4       2.0687      1     0.013747      -1.0147+0i              -4.9219+0i       
    324    2      -4          NaN    NaN          NaN          NaN+0i                  NaN+0i       
    325    2    -3.9       1.8375      1     0.014255      -1.0154+0i              -4.4541+0i       
    326    2    -3.9          NaN    NaN          NaN          NaN+0i                  NaN+0i       
    327    2    -3.8       1.6453      1      0.01487      -1.0162+0i              -4.0628+0i       
    328    2    -3.8          NaN    NaN          NaN          NaN+0i                  NaN+0i       
    329    2    -3.7        1.483      1     0.015584      -1.0172+0i                -3.73+0i       
    330    2    -3.7          NaN    NaN          NaN          NaN+0i                  NaN+0i       
    331    2    -3.6       1.3443      1     0.016393      -1.0183+0i              -3.4431+0i       
    332    2    -3.6          NaN    NaN          NaN          NaN+0i                  NaN+0i       
    333    2    -3.5       1.2243      1     0.017292      -1.0197+0i              -3.1925+0i       
    334    2    -3.5          NaN    NaN          NaN          NaN+0i                  NaN+0i       
    335    2    -3.4       1.1196      1     0.018282      -1.0212+0i              -2.9714+0i       
    336    2    -3.4          NaN    NaN          NaN          NaN+0i                  NaN+0i       
    337    2    -3.3       1.0275      1     0.019361      -1.0229+0i              -2.7743+0i       
    338    2    -3.3          NaN    NaN          NaN          NaN+0i                  NaN+0i       
    339    2    -3.2      0.94592      1      0.02053      -1.0248+0i               -2.597+0i       
    340    2    -3.2          NaN    NaN          NaN          NaN+0i                  NaN+0i       
    341    2    -3.1      0.87313      1     0.021789      -1.0271+0i              -2.4363+0i       
    342    2    -3.1          NaN    NaN          NaN          NaN+0i                  NaN+0i       
    343    2      -3      0.80785      1      0.02314      -1.0297+0i              -2.2894+0i       
    344    2      -3          NaN    NaN          NaN          NaN+0i                  NaN+0i       
    345    2    -2.9      0.74901      1     0.024583      -1.0327+0i              -2.1542+0i       
    346    2    -2.9          NaN    NaN          NaN          NaN+0i                  NaN+0i       
    347    2    -2.8      0.69573      1     0.026119      -1.0363+0i              -2.0288+0i       
    348    2    -2.8          NaN    NaN          NaN          NaN+0i                  NaN+0i       
    349    2    -2.7      0.64728      1     0.027751      -1.0405+0i              -1.9117+0i       
    350    2    -2.7          NaN    NaN          NaN          NaN+0i                  NaN+0i       
    351    2    -2.6      0.60308      1     0.029477      -1.0457+0i              -1.8014+0i       
    352    2    -2.6          NaN    NaN          NaN          NaN+0i                  NaN+0i       
    353    2    -2.5       0.5626      1       0.0313      -1.0522+0i              -1.6965+0i       
    354    2    -2.5          NaN    NaN          NaN          NaN+0i                  NaN+0i       
    355    2    -2.4      0.52542      1      0.03322      -1.0606+0i              -1.5956+0i       
    356    2    -2.4          NaN    NaN          NaN          NaN+0i                  NaN+0i       
    357    2    -2.3      0.49118      1     0.035236      -1.0722+0i              -1.4968+0i       
    358    2    -2.3          NaN    NaN          NaN          NaN+0i                  NaN+0i       
    359    2    -2.2      0.45955      1     0.037348      -1.0899+0i              -1.3964+0i       
    360    2    -2.2          NaN    NaN          NaN          NaN+0i                  NaN+0i       
    361    2    -2.1      0.43027      1     0.039554      -1.1255+0i              -1.2824+0i       
    362    2    -2.1          NaN    NaN          NaN          NaN+0i                  NaN+0i       
    363    2      -2      0.40309      1     0.041854      -1.1666-0.086421i       -1.1666+0.086421i
    364    2      -2          NaN    NaN          NaN          NaN+0i                  NaN+0i       
    365    2    -1.9      0.37781      1     0.044243      -1.1309-0.13362i        -1.1309+0.13362i 
    366    2    -1.9          NaN    NaN          NaN          NaN+0i                  NaN+0i       
    367    2    -1.8      0.35425      1     0.046718      -1.0967-0.1593i         -1.0967+0.1593i  
    368    2    -1.8          NaN    NaN          NaN          NaN+0i                  NaN+0i       
    369    2    -1.7      0.33223      1     0.049273      -1.0639-0.17423i        -1.0639+0.17423i 
    370    2    -1.7          NaN    NaN          NaN          NaN+0i                  NaN+0i       
    371    2    -1.6      0.31162      1     0.051902      -1.0324-0.18185i        -1.0324+0.18185i 
    372    2    -1.6          NaN    NaN          NaN          NaN+0i                  NaN+0i       
    373    2    -1.5      0.29228      1     0.054595      -1.0021-0.18372i        -1.0021+0.18372i 
    374    2    -1.5          NaN    NaN          NaN          NaN+0i                  NaN+0i       
    375    2    -1.4      0.27408      1     0.057341     -0.97301-0.1806i        -0.97301+0.1806i  
    376    2    -1.4          NaN    NaN          NaN          NaN+0i                  NaN+0i       
    377    2    -1.3      0.25692      1     0.060123     -0.94504-0.17277i       -0.94504+0.17277i 
    378    2    -1.3          NaN    NaN          NaN          NaN+0i                  NaN+0i       
    379    2    -1.2      0.24069      1     0.062923      -0.9182-0.1601i         -0.9182+0.1601i  
    380    2    -1.2          NaN    NaN          NaN          NaN+0i                  NaN+0i       
    381    2    -1.1      0.22528      1     0.065715     -0.89251-0.1419i        -0.89251+0.1419i  
    382    2    -1.1          NaN    NaN          NaN          NaN+0i                  NaN+0i       
    383    2      -1      0.21058      1     0.068465     -0.86802-0.11635i       -0.86802+0.11635i 
    384    2      -1          NaN    NaN          NaN          NaN+0i                  NaN+0i       
    385    2    -0.9      0.19649      1     0.071125     -0.84485-0.077588i      -0.84485+0.077588i
    386    2    -0.9          NaN    NaN          NaN          NaN+0i                  NaN+0i       
    387    2    -0.8       0.1829      1     0.073634     -0.87005+0i             -0.77625+0i       
    388    2    -0.8          NaN    NaN          NaN          NaN+0i                  NaN+0i       
    389    2    -0.7      0.16965      1     0.075901     -0.90743+0i             -0.69895+0i       
    390    2    -0.7          NaN    NaN          NaN          NaN+0i                  NaN+0i       
    391    2    -0.6      0.15658      1     0.077792     -0.92555+0i             -0.64519+0i       
    392    2    -0.6          NaN    NaN          NaN          NaN+0i                  NaN+0i       
    393    2    -0.5      0.14345      1     0.079102     -0.93797+0i             -0.60271+0i       
    394    2    -0.5          NaN    NaN          NaN          NaN+0i                  NaN+0i       
    395    2    -0.4      0.12988      1     0.079489     -0.94775+0i              -0.5707+0i       
    396    2    -0.4          NaN    NaN          NaN          NaN+0i                  NaN+0i       
    397    2    -0.3      0.11524      1     0.078328     -0.95629+0i             -0.55186+0i       
    398    2    -0.3          NaN    NaN          NaN          NaN+0i                  NaN+0i       
    399    2    -0.2      0.09822      1     0.074292     -0.96465+0i             -0.55405+0i       
    400    2    -0.2          NaN    NaN          NaN          NaN+0i                  NaN+0i       
    401    2    -0.1     0.075108      1     0.063606     -0.97441+0i             -0.60126+0i       
    402    2    -0.1          NaN    NaN          NaN          NaN+0i                  NaN+0i       
    403    2       0          NaN    NaN          NaN          NaN+0i                  NaN+0i       
    404    2       0          NaN    NaN          NaN          NaN+0i                  NaN+0i       
    405    2     0.1     0.094209      1      0.10609     -0.96708+0i             -0.40439+0i       
    406    2     0.1     0.094209      2      0.10609     -0.96708+0i             -0.40439+0i       
    407    2     0.2       0.1256      1      0.15063     -0.95331+0i             -0.17617+0i       
    408    2     0.2       0.1256      2      0.15063     -0.95331+0i             -0.17617+0i       
    409    2     0.3      0.14512      1      0.18383     -0.94359+0i            0.0033608+0i       
    410    2     0.3      0.14512      2      0.18383     -0.94359+0i            0.0033608+0i       
    411    2     0.4      0.15818      1      0.21084     -0.93624+0i              0.16172+0i       
    412    2     0.4      0.15818      2      0.21084     -0.93624+0i              0.16172+0i       
    413    2     0.5      0.16706      1      0.23376     -0.93054+0i              0.30874+0i       
    414    2     0.5      0.16706      2      0.23376     -0.93054+0i              0.30874+0i       
    415    2     0.6      0.17297      1      0.25373     -0.92606+0i              0.44903+0i       
    416    2     0.6      0.17297      2      0.25373     -0.92606+0i              0.44903+0i       
    417    2     0.7       0.1767      1      0.27144     -0.92252+0i              0.58507+0i       
    418    2     0.7       0.1767      2      0.27144     -0.92252+0i              0.58507+0i       
    419    2     0.8      0.17876      1      0.28737     -0.91973+0i              0.71827+0i       
    420    2     0.8      0.17876      2      0.28737     -0.91973+0i              0.71827+0i       
    421    2     0.9      0.17954      1      0.30186     -0.91752+0i              0.84949+0i       
    422    2     0.9      0.17954      2      0.30186     -0.91752+0i              0.84949+0i       
    423    2       1      0.21379      1      0.35654     -0.88937+0i               1.1417+0i       
    424    2       1      0.15039      2      0.28047     -0.93442+0i              0.78778+0i       
    425    2     1.1       0.2497      1      0.41463     -0.85063+0i               1.3682+0i       
    426    2     1.1      0.12729      2      0.26529     -0.94638+0i              0.71425+0i       
    427    2     1.2      0.27307      1      0.45861     -0.81521+0i               1.5036+0i       
    428    2     1.2      0.11424      2      0.26166     -0.95232+0i              0.69822+0i       
    429    2     1.3      0.29074      1      0.49633     -0.77855+0i               1.5876+0i       
    430    2     1.3       0.1047      2      0.26192     -0.95632+0i               0.7013+0i       
    431    2     1.4      0.30458      1      0.52986     -0.73904+0i               1.6309+0i       
    432    2     1.4     0.097047      2      0.26422     -0.95933+0i              0.71394+0i       
    433    2     1.5      0.31549      1      0.56014     -0.69541+0i                1.638+0i       
    434    2     1.5     0.090608      2      0.26779     -0.96174+0i              0.73207+0i       
    435    2     1.6      0.32404      1      0.58773     -0.64621+0i               1.6114+0i       
    436    2     1.6     0.085026      2      0.27223     -0.96372+0i              0.75358+0i       
    437    2     1.7      0.33061      1      0.61301     -0.58949+0i               1.5515+0i       
    438    2     1.7     0.080089      2      0.27732     -0.96541+0i               0.7772+0i       
    439    2     1.8       0.3355      1      0.63627     -0.52235+0i               1.4574+0i       
    440    2     1.8     0.075659      2       0.2829     -0.96688+0i              0.80214+0i       
    441    2     1.9      0.33894      1      0.65774     -0.43991+0i               1.3259+0i       
    442    2     1.9     0.071644      2      0.28887     -0.96816+0i              0.82786+0i       
    443    2       2      0.34113      1      0.67759      -0.3327+0i               1.1487+0i       
    444    2       2     0.067976      2      0.29517     -0.96929+0i              0.85395+0i       
    445    2     2.1      0.34223      1      0.69597     -0.17655+0i              0.90281+0i       
    446    2     2.1     0.064603      2      0.30174      -0.9703+0i              0.88015+0i       
    447    2     2.2      0.34238      1      0.71303      0.20128+0i              0.41637+0i       
    448    2     2.2     0.061487      2      0.30854     -0.97121+0i              0.90621+0i       
    449    2     2.3       0.3417      1      0.72888       0.2455-0.53479i         0.2455+0.53479i 
    450    2     2.3     0.058597      2      0.31555     -0.97203+0i              0.93198+0i       
    451    2     2.4      0.34029      1      0.74362      0.17352-0.77258i        0.17352+0.77258i 
    452    2     2.4     0.055908      2      0.32274     -0.97278+0i              0.95731+0i       
    453    2     2.5      0.33823      1      0.75735     0.093189-0.95723i       0.093189+0.95723i 
    454    2     2.5     0.053399      2       0.3301     -0.97345+0i              0.98208+0i       
    455    2     2.6      0.33562      1      0.77014     0.004803-1.1133i        0.004803+1.1133i  
    456    2     2.6     0.051053      2       0.3376     -0.97406+0i               1.0062+0i       
    457    2     2.7      0.33251      1      0.78207    -0.091387-1.2494i       -0.091387+1.2494i  
    458    2     2.7     0.048855      2      0.34524     -0.97462+0i               1.0296+0i       
    459    2     2.8      0.32898      1      0.79321     -0.19515-1.3697i        -0.19515+1.3697i  
    460    2     2.8     0.046792      2        0.353     -0.97512+0i               1.0521+0i       
    461    2     2.9      0.32507      1      0.80362     -0.30626-1.4762i        -0.30626+1.4762i  
    462    2     2.9     0.044854      2      0.36087     -0.97558+0i               1.0738+0i       
    463    2       3      0.32084      1      0.81334     -0.42453-1.57i          -0.42453+1.57i    
    464    2       3      0.04303      2      0.36885     -0.97599+0i               1.0945+0i       
    465    2     3.1      0.31632      1      0.82244     -0.54977-1.6516i        -0.54977+1.6516i  
    466    2     3.1     0.041312      2      0.37693     -0.97636+0i               1.1143+0i       
    467    2     3.2      0.31156      1      0.83096     -0.68179-1.721i         -0.68179+1.721i   
    468    2     3.2     0.039692      2       0.3851     -0.97669+0i               1.1329+0i       
    469    2     3.3      0.30659      1      0.83894     -0.82042-1.7781i        -0.82042+1.7781i  
    470    2     3.3     0.038164      2      0.39335     -0.97699+0i               1.1505+0i       
    471    2     3.4      0.30144      1      0.84642     -0.96549-1.8225i        -0.96549+1.8225i  
    472    2     3.4     0.036721      2      0.40169     -0.97724+0i               1.1668+0i       
    473    2     3.5      0.29614      1      0.85343      -1.1168-1.8534i         -1.1168+1.8534i  
    474    2     3.5     0.035358      2      0.41011     -0.97747+0i                1.182+0i       
    475    2     3.6      0.29071      1      0.86001      -1.2742-1.87i           -1.2742+1.87i    
    476    2     3.6     0.034069      2       0.4186     -0.97766+0i               1.1958+0i       
    477    2     3.7      0.28517      1      0.86619      -1.4376-1.8709i         -1.4376+1.8709i  
    478    2     3.7      0.03285      2      0.42716     -0.97782+0i               1.2084+0i       
    479    2     3.8      0.27954      1      0.87199      -1.6066-1.8548i         -1.6066+1.8548i  
    480    2     3.8     0.031696      2      0.43579     -0.97794+0i               1.2195+0i       
    481    2     3.9      0.27384      1      0.87744      -1.7812-1.8195i         -1.7812+1.8195i  
    482    2     3.9     0.030604      2      0.44448     -0.97803+0i               1.2292+0i       
    483    2       4      0.26809      1      0.88256      -1.9611-1.7623i         -1.9611+1.7623i  
    484    2       4     0.029571      2      0.45323     -0.97809+0i               1.2374+0i       
    485    2     4.1      0.26229      1      0.88737      -2.1461-1.6792i         -2.1461+1.6792i  
    486    2     4.1     0.028592      2      0.46204     -0.97811+0i               1.2441+0i       
    487    2     4.2      0.25647      1       0.8919       -2.336-1.5644i          -2.336+1.5644i  
    488    2     4.2     0.027665      2       0.4709      -0.9781+0i               1.2491+0i       
    489    2     4.3      0.25063      1      0.89616      -2.5305-1.4084i         -2.5305+1.4084i  
    490    2     4.3     0.026787      2      0.47982     -0.97806+0i               1.2524+0i       
    491    2     4.4      0.24477      1      0.90017      -2.7294-1.1931i         -2.7294+1.1931i  
    492    2     4.4     0.025955      2       0.4888     -0.97798+0i               1.2539+0i       
    493    2     4.5      0.23892      1      0.90394      -2.9323-0.87343i        -2.9323+0.87343i 
    494    2     4.5     0.025168      2      0.49782     -0.97786+0i               1.2536+0i       
    495    2     4.6      0.23307      1      0.90749      -3.1869+0i              -3.0911+0i       
    496    2     4.6     0.024422      2      0.50689      -0.9777+0i               1.2514+0i       
    497    2     4.7      0.22724      1      0.91084      -4.2847+0i              -2.4134+0i       
    498    2     4.7     0.023716      2      0.51601      -0.9775+0i               1.2471+0i       
    499    2     4.8      0.22142      1      0.91398      -4.9257+0i              -2.1986+0i       
    500    2     4.8     0.023048      2      0.52517     -0.97725+0i               1.2407+0i       
    501    2     4.9      0.21563      1      0.91695      -5.4971+0i              -2.0587+0i       
    502    2     4.9     0.022416      2      0.53438     -0.97695+0i                1.232+0i       
    503    2       5      0.20987      1      0.91973      -6.0369+0i              -1.9548+0i       
    504    2       5     0.021818      2      0.54364      -0.9766+0i                1.221+0i       
    505    2     5.1      0.20414      1      0.92235      -6.5587+0i              -1.8725+0i       
    506    2     5.1     0.021254      2      0.55293     -0.97618+0i               1.2075+0i       
    507    2     5.2      0.19844      1      0.92482      -7.0686+0i              -1.8045+0i       
    508    2     5.2     0.020721      2      0.56227     -0.97571+0i               1.1914+0i       
    509    2     5.3      0.19279      1      0.92714      -7.5697+0i              -1.7468+0i       
    510    2     5.3     0.020219      2      0.57165     -0.97516+0i               1.1725+0i       
    511    2     5.4      0.18717      1      0.92932      -8.0634+0i              -1.6968+0i       
    512    2     5.4     0.019746      2      0.58107     -0.97453+0i               1.1506+0i       
    513    2     5.5       0.1816      1      0.93136      -8.5501+0i              -1.6527+0i       
    514    2     5.5     0.019302      2      0.59053     -0.97381+0i               1.1257+0i       
    515    2     5.6      0.17607      1      0.93328      -9.0297+0i              -1.6134+0i       
    516    2     5.6     0.018885      2      0.60004     -0.97298+0i               1.0973+0i       
    517    2     5.7      0.17059      1      0.93507      -9.5018+0i              -1.5779+0i       
    518    2     5.7     0.018495      2      0.60958     -0.97204+0i               1.0654+0i       
    519    2     5.8      0.16516      1      0.93675      -9.9653+0i              -1.5457+0i       
    520    2     5.8     0.018131      2      0.61916     -0.97095+0i               1.0296+0i       
    521    2     5.9      0.15978      1      0.93831      -10.419+0i               -1.516+0i       
    522    2     5.9     0.017793      2      0.62879      -0.9697+0i              0.98967+0i       
    523    2       6      0.15444      1      0.93977      -10.862+0i              -1.4887+0i       
    524    2       6      0.01748      2      0.63846     -0.96826+0i              0.94524+0i       
    525    2     6.1      0.14915      1      0.94112      -11.292+0i              -1.4633+0i       
    526    2     6.1     0.017191      2      0.64816     -0.96659+0i              0.89593+0i       
    527    2     6.2      0.14391      1      0.94237      -11.708+0i              -1.4395+0i       
    528    2     6.2     0.016928      2      0.65792     -0.96464+0i               0.8413+0i       
    529    2     6.3      0.13872      1      0.94351      -12.107+0i              -1.4172+0i       
    530    2     6.3     0.016689      2      0.66772     -0.96234+0i              0.78084+0i       
    531    2     6.4      0.13358      1      0.94456      -12.488+0i              -1.3962+0i       
    532    2     6.4     0.016475      2      0.67756      -0.9596+0i              0.71394+0i       
    533    2     6.5      0.12848      1      0.94551      -12.847+0i              -1.3764+0i       
    534    2     6.5     0.016287      2      0.68746     -0.95631+0i               0.6399+0i       
    535    2     6.6      0.12343      1      0.94636      -13.182+0i              -1.3575+0i       
    536    2     6.6     0.016124      2      0.69741     -0.95229+0i              0.55786+0i       
    537    2     6.7      0.11842      1      0.94711      -13.491+0i              -1.3396+0i       
    538    2     6.7     0.015989      2      0.70741     -0.94729+0i              0.46679+0i       
    539    2     6.8      0.11346      1      0.94776       -13.77+0i              -1.3224+0i       
    540    2     6.8     0.015881      2      0.71748     -0.94092+0i              0.36536+0i       
    541    2     6.9      0.10853      1      0.94831      -14.015+0i               -1.306+0i       
    542    2     6.9     0.015803      2      0.72761     -0.93256+0i              0.25186+0i       
    543    2       7      0.10365      1      0.94875      -14.223+0i              -1.2902+0i       
    544    2       7     0.015756      2      0.73781      -0.9211+0i              0.12386+0i       
    545    2     7.1     0.098791      1      0.94907      -14.389+0i               -1.275+0i       
    546    2     7.1     0.015743      2       0.7481     -0.90435+0i            -0.022381+0i       
    547    2     7.2     0.093965      1      0.94928       -14.51+0i              -1.2603+0i       
    548    2     7.2     0.015768      2      0.75847     -0.87713+0i             -0.19399+0i       
    549    2     7.3     0.089164      1      0.94934      -14.578+0i              -1.2461+0i       
    550    2     7.3     0.015834      2      0.76895     -0.82074+0i             -0.41204+0i       
    551    2     7.4      0.08438      1      0.94926      -14.588+0i              -1.2324+0i       
    552    2     7.4     0.015948      2      0.77955     -0.70735-0.16478i       -0.70735+0.16478i 
    553    2     7.5     0.079606      1      0.94901      -14.534+0i               -1.219+0i       
    554    2     7.5     0.016118      2      0.79029     -0.81037-0.29244i       -0.81037+0.29244i 
    555    2     7.6     0.074829      1      0.94857      -14.406+0i              -1.2059+0i       
    556    2     7.6     0.016352      2      0.80121     -0.92797-0.35584i       -0.92797+0.35584i 
    557    2     7.7     0.070034      1      0.94789      -14.194+0i              -1.1931+0i       
    558    2     7.7     0.016667      2      0.81233      -1.0636-0.3745i         -1.0636+0.3745i  
    559    2     7.8     0.065199      1      0.94691      -13.885+0i              -1.1805+0i       
    560    2     7.8     0.017083      2      0.82373       -1.222-0.33225i         -1.222+0.33225i 
    561    2     7.9     0.060291      1      0.94555       -13.46+0i              -1.1681+0i       
    562    2     7.9     0.017632      2      0.83549      -1.4103-0.1036i         -1.4103+0.1036i  
    563    2       8     0.055257      1      0.94367      -12.892+0i              -1.1557+0i       
    564    2       8     0.018367      2      0.84775      -2.0926+0i              -1.1872+0i       
    565    2     8.1         0.05      1        0.941      -12.139+0i              -1.1432+0i       
    566    2     8.1     0.019385      2      0.86079      -2.7223+0i              -1.1392+0i       
    567    2     8.2     0.044304      1      0.93696      -11.109+0i              -1.1303+0i       
    568    2     8.2     0.020897      2      0.87517      -3.5349+0i              -1.1156+0i       
    569    2     8.3     0.037461      1      0.92965      -9.5297+0i              -1.1161+0i       
    570    2     8.3     0.023614      2      0.89281      -4.8144+0i              -1.1031+0i       
    571    2     8.4     0.029076      1      0.91792      -7.3514+0i              -1.0987+0i       
    572    2     8.4     0.029076      2      0.91792      -7.3514+0i              -1.0987+0i       
    573    2     8.5     0.028429      1      0.92676      -8.0471+0i              -1.0893+0i       
    574    2     8.5     0.028429      2      0.92676      -8.0471+0i              -1.0893+0i       
    575    2     8.6       0.0278      1      0.93562      -8.7666+0i              -1.0814+0i       
    576    2     8.6       0.0278      2      0.93562      -8.7666+0i              -1.0814+0i       
    577    2     8.7     0.027188      1       0.9445      -9.5104+0i              -1.0746+0i       
    578    2     8.7     0.027188      2       0.9445      -9.5104+0i              -1.0746+0i       
    579    2     8.8     0.026594      1       0.9534      -10.279+0i              -1.0687+0i       
    580    2     8.8     0.026594      2       0.9534      -10.279+0i              -1.0687+0i       
    581    2     8.9     0.026015      1      0.96232      -11.074+0i              -1.0636+0i       
    582    2     8.9     0.026015      2      0.96232      -11.074+0i              -1.0636+0i       
    583    2       9     0.025453      1      0.97127      -11.895+0i               -1.059+0i       
    584    2       9     0.025453      2      0.97127      -11.895+0i               -1.059+0i       
    585    2     9.1     0.024905      1      0.98023      -12.742+0i               -1.055+0i       
    586    2     9.1     0.024905      2      0.98023      -12.742+0i               -1.055+0i       
    587    2     9.2     0.024373      1      0.98922      -13.616+0i              -1.0514+0i       
    588    2     9.2     0.024373      2      0.98922      -13.616+0i              -1.0514+0i       
    589    2     9.3     0.023855      1      0.99823      -14.518+0i              -1.0481+0i       
    590    2     9.3     0.023855      2      0.99823      -14.518+0i              -1.0481+0i       
    591    2     9.4          NaN    NaN          NaN          NaN+0i                  NaN+0i       
    592    2     9.4          NaN    NaN          NaN          NaN+0i                  NaN+0i       
    593    2     9.5          NaN    NaN          NaN          NaN+0i                  NaN+0i       
    594    2     9.5          NaN    NaN          NaN          NaN+0i                  NaN+0i       
    595    2     9.6          NaN    NaN          NaN          NaN+0i                  NaN+0i       
    596    2     9.6          NaN    NaN          NaN          NaN+0i                  NaN+0i       
    597    2     9.7          NaN    NaN          NaN          NaN+0i                  NaN+0i       
    598    2     9.7          NaN    NaN          NaN          NaN+0i                  NaN+0i       
    599    2     9.8          NaN    NaN          NaN          NaN+0i                  NaN+0i       
    600    2     9.8          NaN    NaN          NaN          NaN+0i                  NaN+0i       
    601    2     9.9          NaN    NaN          NaN          NaN+0i                  NaN+0i       
    602    2     9.9          NaN    NaN          NaN          NaN+0i                  NaN+0i       
    603    2      10          NaN    NaN          NaN          NaN+0i                  NaN+0i       
    604    2      10          NaN    NaN          NaN          NaN+0i                  NaN+0i       
    605    4      -5          NaN    NaN          NaN          NaN+0i                  NaN+0i       
    606    4      -5          NaN    NaN          NaN          NaN+0i                  NaN+0i       
    607    4    -4.9       12.724      1     0.018954      -1.0194+0i              -51.563+0i       
    608    4    -4.9          NaN    NaN          NaN          NaN+0i                  NaN+0i       
    609    4    -4.8       6.1371      1     0.010971      -1.0112+0i              -25.359+0i       
    610    4    -4.8          NaN    NaN          NaN          NaN+0i                  NaN+0i       
    611    4    -4.7       3.9874      1    0.0084874      -1.0086+0i              -16.804+0i       
    612    4    -4.7          NaN    NaN          NaN          NaN+0i                  NaN+0i       
    613    4    -4.6       2.9211      1    0.0073764      -1.0075+0i               -12.56+0i       
    614    4    -4.6          NaN    NaN          NaN          NaN+0i                  NaN+0i       
    615    4    -4.5       2.2841      1    0.0068239       -1.007+0i              -10.023+0i       
    616    4    -4.5          NaN    NaN          NaN          NaN+0i                  NaN+0i       
    617    4    -4.4       1.8607      1    0.0065606      -1.0067+0i              -8.3347+0i       
    618    4    -4.4          NaN    NaN          NaN          NaN+0i                  NaN+0i       
    619    4    -4.3       1.5588      1     0.006472      -1.0066+0i              -7.1302+0i       
    620    4    -4.3          NaN    NaN          NaN          NaN+0i                  NaN+0i       
    621    4    -4.2       1.3328      1    0.0065018      -1.0067+0i               -6.227+0i       
    622    4    -4.2          NaN    NaN          NaN          NaN+0i                  NaN+0i       
    623    4    -4.1       1.1573      1     0.006619      -1.0068+0i              -5.5242+0i       
    624    4    -4.1          NaN    NaN          NaN          NaN+0i                  NaN+0i       
    625    4      -4        1.017      1     0.006806       -1.007+0i              -4.9615+0i       
    626    4      -4          NaN    NaN          NaN          NaN+0i                  NaN+0i       
    627    4    -3.9      0.90239      1    0.0070516      -1.0073+0i              -4.5005+0i       
    628    4    -3.9          NaN    NaN          NaN          NaN+0i                  NaN+0i       
    629    4    -3.8      0.80698      1     0.007349      -1.0077+0i              -4.1156+0i       
    630    4    -3.8          NaN    NaN          NaN          NaN+0i                  NaN+0i       
    631    4    -3.7      0.72633      1    0.0076938      -1.0081+0i              -3.7892+0i       
    632    4    -3.7          NaN    NaN          NaN          NaN+0i                  NaN+0i       
    633    4    -3.6      0.65729      1     0.008083      -1.0085+0i              -3.5086+0i       
    634    4    -3.6          NaN    NaN          NaN          NaN+0i                  NaN+0i       
    635    4    -3.5      0.59752      1    0.0085149      -1.0091+0i              -3.2645+0i       
    636    4    -3.5          NaN    NaN          NaN          NaN+0i                  NaN+0i       
    637    4    -3.4      0.54529      1    0.0089882      -1.0096+0i              -3.0501+0i       
    638    4    -3.4          NaN    NaN          NaN          NaN+0i                  NaN+0i       
    639    4    -3.3      0.49927      1     0.009502      -1.0103+0i              -2.8601+0i       
    640    4    -3.3          NaN    NaN          NaN          NaN+0i                  NaN+0i       
    641    4    -3.2      0.45841      1     0.010056       -1.011+0i              -2.6903+0i       
    642    4    -3.2          NaN    NaN          NaN          NaN+0i                  NaN+0i       
    643    4    -3.1      0.42191      1     0.010649      -1.0118+0i              -2.5374+0i       
    644    4    -3.1          NaN    NaN          NaN          NaN+0i                  NaN+0i       
    645    4      -3       0.3891      1     0.011281      -1.0127+0i               -2.399+0i       
    646    4      -3          NaN    NaN          NaN          NaN+0i                  NaN+0i       
    647    4    -2.9      0.35946      1     0.011951      -1.0137+0i              -2.2728+0i       
    648    4    -2.9          NaN    NaN          NaN          NaN+0i                  NaN+0i       
    649    4    -2.8      0.33257      1     0.012658      -1.0147+0i              -2.1572+0i       
    650    4    -2.8          NaN    NaN          NaN          NaN+0i                  NaN+0i       
    651    4    -2.7      0.30805      1     0.013402      -1.0159+0i              -2.0507+0i       
    652    4    -2.7          NaN    NaN          NaN          NaN+0i                  NaN+0i       
    653    4    -2.6       0.2856      1      0.01418      -1.0173+0i              -1.9522+0i       
    654    4    -2.6          NaN    NaN          NaN          NaN+0i                  NaN+0i       
    655    4    -2.5      0.26499      1     0.014991      -1.0187+0i              -1.8606+0i       
    656    4    -2.5          NaN    NaN          NaN          NaN+0i                  NaN+0i       
    657    4    -2.4      0.24599      1     0.015833      -1.0204+0i              -1.7752+0i       
    658    4    -2.4          NaN    NaN          NaN          NaN+0i                  NaN+0i       
    659    4    -2.3      0.22843      1     0.016702      -1.0223+0i              -1.6951+0i       
    660    4    -2.3          NaN    NaN          NaN          NaN+0i                  NaN+0i       
    661    4    -2.2      0.21214      1     0.017594      -1.0245+0i              -1.6198+0i       
    662    4    -2.2          NaN    NaN          NaN          NaN+0i                  NaN+0i       
    663    4    -2.1      0.19699      1     0.018506      -1.0271+0i              -1.5487+0i       
    664    4    -2.1          NaN    NaN          NaN          NaN+0i                  NaN+0i       
    665    4      -2      0.18286      1     0.019431      -1.0301+0i              -1.4812+0i       
    666    4      -2          NaN    NaN          NaN          NaN+0i                  NaN+0i       
    667    4    -1.9      0.16965      1     0.020363      -1.0338+0i              -1.4169+0i       
    668    4    -1.9          NaN    NaN          NaN          NaN+0i                  NaN+0i       
    669    4    -1.8      0.15726      1     0.021292      -1.0385+0i              -1.3551+0i       
    670    4    -1.8          NaN    NaN          NaN          NaN+0i                  NaN+0i       
    671    4    -1.7      0.14561      1     0.022211      -1.0448+0i               -1.295+0i       
    672    4    -1.7          NaN    NaN          NaN          NaN+0i                  NaN+0i       
    673    4    -1.6      0.13464      1     0.023106      -1.0542+0i               -1.235+0i       
    674    4    -1.6          NaN    NaN          NaN          NaN+0i                  NaN+0i       
    675    4    -1.5      0.12426      1     0.023963       -1.072+0i              -1.1696+0i       
    676    4    -1.5          NaN    NaN          NaN          NaN+0i                  NaN+0i       
    677    4    -1.4      0.11442      1     0.024765      -1.0984-0.044105i       -1.0984+0.044105i
    678    4    -1.4          NaN    NaN          NaN          NaN+0i                  NaN+0i       
    679    4    -1.3      0.10506      1     0.025492      -1.0774-0.070719i       -1.0774+0.070719i
    680    4    -1.3          NaN    NaN          NaN          NaN+0i                  NaN+0i       
    681    4    -1.2     0.096131      1     0.026119      -1.0579-0.083445i       -1.0579+0.083445i
    682    4    -1.2          NaN    NaN          NaN          NaN+0i                  NaN+0i       
    683    4    -1.1     0.087574      1     0.026615      -1.0398-0.089409i       -1.0398+0.089409i
    684    4    -1.1          NaN    NaN          NaN          NaN+0i                  NaN+0i       
    685    4      -1     0.079341      1     0.026945      -1.0232-0.090818i       -1.0232+0.090818i
    686    4      -1          NaN    NaN          NaN          NaN+0i                  NaN+0i       
    687    4    -0.9      0.07138      1     0.027063      -1.0083-0.088731i       -1.0083+0.088731i
    688    4    -0.9          NaN    NaN          NaN          NaN+0i                  NaN+0i       
    689    4    -0.8     0.063639      1     0.026913     -0.99509-0.083763i      -0.99509+0.083763i
    690    4    -0.8          NaN    NaN          NaN          NaN+0i                  NaN+0i       
    691    4    -0.7      0.05606      1     0.026424     -0.98382-0.076316i      -0.98382+0.076316i
    692    4    -0.7          NaN    NaN          NaN          NaN+0i                  NaN+0i       
    693    4    -0.6     0.048582      1     0.025505     -0.97472-0.066684i      -0.97472+0.066684i
    694    4    -0.6          NaN    NaN          NaN          NaN+0i                  NaN+0i       
    695    4    -0.5     0.041132      1     0.024038     -0.96815-0.055116i      -0.96815+0.055116i
    696    4    -0.5          NaN    NaN          NaN          NaN+0i                  NaN+0i       
    697    4    -0.4     0.033623      1     0.021866     -0.96459-0.041861i      -0.96459+0.041861i
    698    4    -0.4          NaN    NaN          NaN          NaN+0i                  NaN+0i       
    699    4    -0.3     0.025943      1     0.018772     -0.96471-0.027201i      -0.96471+0.027201i
    700    4    -0.3          NaN    NaN          NaN          NaN+0i                  NaN+0i       
    701    4    -0.2     0.017942      1     0.014448     -0.96951-0.011056i      -0.96951+0.011056i
    702    4    -0.2          NaN    NaN          NaN          NaN+0i                  NaN+0i       
    703    4    -0.1    0.0094052      1    0.0084341     -0.98831+0i             -0.97262+0i       
    704    4    -0.1          NaN    NaN          NaN          NaN+0i                  NaN+0i       
    705    4       0          NaN    NaN          NaN          NaN+0i                  NaN+0i       
    706    4       0          NaN    NaN          NaN          NaN+0i                  NaN+0i       
    707    4     0.1          NaN    NaN          NaN          NaN+0i                  NaN+0i       
    708    4     0.1          NaN    NaN          NaN          NaN+0i                  NaN+0i       
    709    4     0.2          NaN    NaN          NaN          NaN+0i                  NaN+0i       
    710    4     0.2          NaN    NaN          NaN          NaN+0i                  NaN+0i       
    711    4     0.3          NaN    NaN          NaN          NaN+0i                  NaN+0i       
    712    4     0.3          NaN    NaN          NaN          NaN+0i                  NaN+0i       
    713    4     0.4          NaN    NaN          NaN          NaN+0i                  NaN+0i       
    714    4     0.4          NaN    NaN          NaN          NaN+0i                  NaN+0i       
    715    4     0.5      0.11813      1      0.30988     -0.70055-0.035234i      -0.70055+0.035234i
    716    4     0.5      0.11813      2      0.30988     -0.70055-0.035234i      -0.70055+0.035234i
    717    4     0.6      0.12231      1      0.33397      -0.7296+0i             -0.60376+0i       
    718    4     0.6      0.12231      2      0.33397      -0.7296+0i             -0.60376+0i       
    719    4     0.7      0.12494      1      0.35487     -0.74238+0i             -0.52331+0i       
    720    4     0.7      0.12494      2      0.35487     -0.74238+0i             -0.52331+0i       
    721    4     0.8      0.12641      1      0.37326     -0.75049+0i              -0.4472+0i       
    722    4     0.8      0.12641      2      0.37326     -0.75049+0i              -0.4472+0i       
    723    4     0.9      0.12695      1      0.38961     -0.75704+0i             -0.37215+0i       
    724    4     0.9      0.12695      2      0.38961     -0.75704+0i             -0.37215+0i       
    725    4       1      0.12679      1       0.4043      -0.7628+0i             -0.29736+0i       
    726    4       1      0.12679      2       0.4043      -0.7628+0i             -0.29736+0i       
    727    4     1.1      0.12606      1       0.4176     -0.76804+0i             -0.22259+0i       
    728    4     1.1      0.12606      2       0.4176     -0.76804+0i             -0.22259+0i       
    729    4     1.2      0.12489      1      0.42973     -0.77289+0i             -0.14778+0i       
    730    4     1.2      0.12489      2      0.42973     -0.77289+0i             -0.14778+0i       
    731    4     1.3      0.12337      1      0.44089     -0.77741+0i            -0.072976+0i       
    732    4     1.3      0.12337      2      0.44089     -0.77741+0i            -0.072976+0i       
    733    4     1.4      0.12157      1      0.45122     -0.78163+0i            0.0017247+0i       
    734    4     1.4      0.12157      2      0.45122     -0.78163+0i            0.0017247+0i       
    735    4     1.5      0.11955      1      0.46084     -0.78557+0i             0.076213+0i       
    736    4     1.5      0.11955      2      0.46084     -0.78557+0i             0.076213+0i       
    737    4     1.6      0.11737      1      0.46986     -0.78926+0i              0.15036+0i       
    738    4     1.6      0.11737      2      0.46986     -0.78926+0i              0.15036+0i       
    739    4     1.7      0.11506      1      0.47836     -0.79271+0i              0.22402+0i       
    740    4     1.7      0.11506      2      0.47836     -0.79271+0i              0.22402+0i       
    741    4     1.8      0.11266      1      0.48643     -0.79592+0i              0.29704+0i       
    742    4     1.8      0.11266      2      0.48643     -0.79592+0i              0.29704+0i       
    743    4     1.9      0.11019      1      0.49412      -0.7989+0i              0.36927+0i       
    744    4     1.9      0.11019      2      0.49412      -0.7989+0i              0.36927+0i       
    745    4       2      0.10768      1       0.5015     -0.80166+0i              0.44055+0i       
    746    4       2      0.10768      2       0.5015     -0.80166+0i              0.44055+0i       
    747    4     2.1      0.10514      1       0.5086     -0.80421+0i              0.51071+0i       
    748    4     2.1      0.10514      2       0.5086     -0.80421+0i              0.51071+0i       
    749    4     2.2       0.1026      1      0.51548     -0.80656+0i              0.57957+0i       
    750    4     2.2       0.1026      2      0.51548     -0.80656+0i              0.57957+0i       
    751    4     2.3      0.10006      1      0.52217      -0.8087+0i              0.64696+0i       
    752    4     2.3      0.10006      2      0.52217      -0.8087+0i              0.64696+0i       
    753    4     2.4     0.097531      1      0.52869     -0.81063+0i              0.71269+0i       
    754    4     2.4     0.097531      2      0.52869     -0.81063+0i              0.71269+0i       
    755    4     2.5      0.09503      1      0.53509     -0.81237+0i              0.77658+0i       
    756    4     2.5      0.09503      2      0.53509     -0.81237+0i              0.77658+0i       
    757    4     2.6     0.092559      1      0.54138     -0.81391+0i              0.83843+0i       
    758    4     2.6     0.092559      2      0.54138     -0.81391+0i              0.83843+0i       
    759    4     2.7     0.090125      1      0.54758     -0.81526+0i              0.89805+0i       
    760    4     2.7     0.090125      2      0.54758     -0.81526+0i              0.89805+0i       
    761    4     2.8     0.087732      1      0.55372      -0.8164+0i              0.95524+0i       
    762    4     2.8     0.087732      2      0.55372      -0.8164+0i              0.95524+0i       
    763    4     2.9     0.085384      1      0.55981     -0.81735+0i               1.0098+0i       
    764    4     2.9     0.085384      2      0.55981     -0.81735+0i               1.0098+0i       
    765    4       3     0.083083      1      0.56587     -0.81809+0i               1.0615+0i       
    766    4       3     0.083083      2      0.56587     -0.81809+0i               1.0615+0i       
    767    4     3.1     0.080833      1       0.5719     -0.81863+0i               1.1101+0i       
    768    4     3.1     0.080833      2       0.5719     -0.81863+0i               1.1101+0i       
    769    4     3.2     0.078634      1      0.57792     -0.81895+0i               1.1555+0i       
    770    4     3.2     0.078634      2      0.57792     -0.81895+0i               1.1555+0i       
    771    4     3.3     0.076488      1      0.58394     -0.81905+0i               1.1973+0i       
    772    4     3.3     0.076488      2      0.58394     -0.81905+0i               1.1973+0i       
    773    4     3.4     0.074395      1      0.58997     -0.81893+0i               1.2354+0i       
    774    4     3.4     0.074395      2      0.58997     -0.81893+0i               1.2354+0i       
    775    4     3.5     0.072356      1      0.59601     -0.81856+0i               1.2695+0i       
    776    4     3.5     0.072356      2      0.59601     -0.81856+0i               1.2695+0i       
    777    4     3.6      0.07037      1      0.60207     -0.81795+0i               1.2994+0i       
    778    4     3.6      0.07037      2      0.60207     -0.81795+0i               1.2994+0i       
    779    4     3.7     0.071173      1      0.61768     -0.79987+0i               1.2983+0i       
    780    4     3.7     0.065809      2      0.59901       -0.832+0i               1.3407+0i       
    781    4     3.8     0.079074      1      0.65834     -0.71225+0i                1.118+0i       
    782    4     3.8     0.056026      2      0.57721     -0.87019+0i               1.3569+0i       
    783    4     3.9     0.081989      1      0.68188     -0.63793+0i              0.94149+0i       
    784    4     3.9     0.051109      2      0.57195     -0.88367+0i               1.3482+0i       
    785    4       4     0.083552      1      0.70079      -0.5503+0i              0.74057+0i       
    786    4       4     0.047441      2      0.57079     -0.89198+0i               1.3362+0i       
    787    4     4.1     0.084336      1      0.71698     -0.42866+0i              0.49578+0i       
    788    4     4.1     0.044462      2      0.57184     -0.89773+0i               1.3225+0i       
    789    4     4.2     0.084583      1      0.73127     -0.15718+0i             0.092346+0i       
    790    4     4.2     0.041942      2      0.57435      -0.9019+0i               1.3077+0i       
    791    4     4.3     0.084427      1      0.74407     -0.10234-0.41956i       -0.10234+0.41956i 
    792    4     4.3     0.039759      2       0.5779     -0.90498+0i               1.2916+0i       
    793    4     4.4     0.083954      1      0.75567     -0.17578-0.59939i       -0.17578+0.59939i 
    794    4     4.4     0.037837      2      0.58227     -0.90723+0i                1.274+0i       
    795    4     4.5     0.083223      1      0.76625     -0.25236-0.72955i       -0.25236+0.72955i 
    796    4     4.5     0.036126      2      0.58728     -0.90881+0i               1.2549+0i       
    797    4     4.6     0.082276      1      0.77594     -0.33169-0.83251i       -0.33169+0.83251i 
    798    4     4.6     0.034591      2      0.59283     -0.90982+0i                1.234+0i       
    799    4     4.7     0.081148      1      0.78486      -0.4134-0.91654i        -0.4134+0.91654i 
    800    4     4.7     0.033205      2      0.59884     -0.91033+0i                1.211+0i       
    801    4     4.8     0.079866      1      0.79308     -0.49714-0.98567i       -0.49714+0.98567i 
    802    4     4.8     0.031949      2      0.60524     -0.91036+0i               1.1856+0i       
    803    4     4.9     0.078451      1      0.80067      -0.5825-1.0422i         -0.5825+1.0422i  
    804    4     4.9     0.030806      2      0.61199     -0.90993+0i               1.1577+0i       
    805    4       5      0.07692      1      0.80768     -0.66912-1.0875i        -0.66912+1.0875i  
    806    4       5     0.029764      2      0.61906     -0.90903+0i               1.1269+0i       
    807    4     5.1     0.075289      1      0.81417     -0.75657-1.1226i        -0.75657+1.1226i  
    808    4     5.1     0.028813      2      0.62641     -0.90766+0i               1.0928+0i       
    809    4     5.2      0.07357      1      0.82016     -0.84443-1.148i         -0.84443+1.148i   
    810    4     5.2     0.027946      2      0.63402     -0.90577+0i               1.0552+0i       
    811    4     5.3     0.071772      1       0.8257     -0.93224-1.1642i        -0.93224+1.1642i  
    812    4     5.3     0.027155      2      0.64188     -0.90331+0i               1.0135+0i       
    813    4     5.4     0.069906      1      0.83081      -1.0195-1.1716i         -1.0195+1.1716i  
    814    4     5.4     0.026435      2      0.64997      -0.9002+0i              0.96738+0i       
    815    4     5.5     0.067977      1       0.8355      -1.1057-1.1704i         -1.1057+1.1704i  
    816    4     5.5     0.025783      2      0.65829     -0.89632+0i               0.9162+0i       
    817    4     5.6     0.065992      1       0.8398      -1.1903-1.1609i         -1.1903+1.1609i  
    818    4     5.6     0.025194      2      0.66682     -0.89152+0i              0.85931+0i       
    819    4     5.7     0.063955      1      0.84373      -1.2726-1.1432i         -1.2726+1.1432i  
    820    4     5.7     0.024667      2      0.67557     -0.88559+0i              0.79591+0i       
    821    4     5.8      0.06187      1      0.84728      -1.3519-1.1176i         -1.3519+1.1176i  
    822    4     5.8     0.024201      2      0.68455     -0.87822+0i                0.725+0i       
    823    4     5.9     0.059738      1      0.85046      -1.4274-1.0846i         -1.4274+1.0846i  
    824    4     5.9     0.023794      2      0.69374     -0.86896+0i               0.6453+0i       
    825    4       6     0.057561      1      0.85327      -1.4983-1.0443i         -1.4983+1.0443i  
    826    4       6     0.023449      2      0.70318     -0.85711+0i              0.55511+0i       
    827    4     6.1     0.055338      1       0.8557      -1.5634-0.9976i         -1.5634+0.9976i  
    828    4     6.1     0.023168      2      0.71287     -0.84155+0i              0.45207+0i       
    829    4     6.2     0.053066      1      0.85773      -1.6216-0.94518i        -1.6216+0.94518i 
    830    4     6.2     0.022954      2      0.72283     -0.82032+0i              0.33263+0i       
    831    4     6.3     0.050739      1      0.85934      -1.6714-0.88836i        -1.6714+0.88836i 
    832    4     6.3     0.022815      2      0.73312     -0.78947+0i              0.19078+0i       
    833    4     6.4     0.048347      1      0.86046      -1.7108-0.82906i        -1.7108+0.82906i 
    834    4     6.4      0.02276      2      0.74379     -0.73938+0i             0.014093+0i       
    835    4     6.5     0.045875      1      0.86102      -1.7373-0.77023i        -1.7373+0.77023i 
    836    4     6.5     0.022808      2      0.75492     -0.62909+0i             -0.24239+0i       
    837    4     6.6     0.043295      1      0.86089      -1.7474-0.7163i         -1.7474+0.7163i  
    838    4     6.6     0.022985      2      0.76665     -0.52165-0.27064i       -0.52165+0.27064i 
    839    4     6.7     0.040557      1       0.8598      -1.7354-0.67387i        -1.7354+0.67387i 
    840    4     6.7     0.023343      2      0.77925      -0.6255-0.43514i        -0.6255+0.43514i 
    841    4     6.8     0.037552      1      0.85725      -1.6906-0.65203i        -1.6906+0.65203i 
    842    4     6.8     0.023991      2      0.79324     -0.75738-0.55615i       -0.75738+0.55615i 
    843    4     6.9     0.033953      1      0.85162      -1.5837-0.66235i        -1.5837+0.66235i 
    844    4     6.9     0.025257      2      0.81022     -0.94581-0.65452i       -0.94581+0.65452i 
    845    4       7     0.028575      1      0.83716      -1.3289-0.68932i        -1.3289+0.68932i 
    846    4       7     0.028575      2      0.83716      -1.3289-0.68932i        -1.3289+0.68932i 
    847    4     7.1     0.027886      1      0.84497      -1.4651-0.60867i        -1.4651+0.60867i 
    848    4     7.1     0.027886      2      0.84497      -1.4651-0.60867i        -1.4651+0.60867i 
    849    4     7.2     0.027218      1      0.85282      -1.6081-0.46944i        -1.6081+0.46944i 
    850    4     7.2     0.027218      2      0.85282      -1.6081-0.46944i        -1.6081+0.46944i 
    851    4     7.3     0.026569      1      0.86072      -1.7581-0.13692i        -1.7581+0.13692i 
    852    4     7.3     0.026569      2      0.86072      -1.7581-0.13692i        -1.7581+0.13692i 
    853    4     7.4      0.02594      1      0.86866      -2.4062+0i              -1.4244+0i       
    854    4     7.4      0.02594      2      0.86866      -2.4062+0i              -1.4244+0i       
    855    4     7.5     0.025328      1      0.87664      -2.8319+0i              -1.3275+0i       
    856    4     7.5     0.025328      2      0.87664      -2.8319+0i              -1.3275+0i       
    857    4     7.6     0.024735      1      0.88466      -3.2331+0i              -1.2701+0i       
    858    4     7.6     0.024735      2      0.88466      -3.2331+0i              -1.2701+0i       
    859    4     7.7     0.024158      1      0.89272      -3.6317+0i              -1.2304+0i       
    860    4     7.7     0.024158      2      0.89272      -3.6317+0i              -1.2304+0i       
    861    4     7.8     0.023599      1      0.90083      -4.0356+0i              -1.2007+0i       
    862    4     7.8     0.023599      2      0.90083      -4.0356+0i              -1.2007+0i       
    863    4     7.9     0.023055      1      0.90896      -4.4488+0i              -1.1776+0i       
    864    4     7.9     0.023055      2      0.90896      -4.4488+0i              -1.1776+0i       
    865    4       8     0.022527      1      0.91714      -4.8735+0i              -1.1589+0i       
    866    4       8     0.022527      2      0.91714      -4.8735+0i              -1.1589+0i       
    867    4     8.1     0.022014      1      0.92535      -5.3112+0i              -1.1434+0i       
    868    4     8.1     0.022014      2      0.92535      -5.3112+0i              -1.1434+0i       
    869    4     8.2     0.021515      1       0.9336      -5.7631+0i              -1.1304+0i       
    870    4     8.2     0.021515      2       0.9336      -5.7631+0i              -1.1304+0i       
    871    4     8.3     0.021031      1      0.94188        -6.23+0i              -1.1193+0i       
    872    4     8.3     0.021031      2      0.94188        -6.23+0i              -1.1193+0i       
    873    4     8.4      0.02056      1       0.9502      -6.7124+0i              -1.1097+0i       
    874    4     8.4      0.02056      2       0.9502      -6.7124+0i              -1.1097+0i       
    875    4     8.5     0.020102      1      0.95855      -7.2111+0i              -1.1014+0i       
    876    4     8.5     0.020102      2      0.95855      -7.2111+0i              -1.1014+0i       
    877    4     8.6     0.019658      1      0.96694      -7.7264+0i               -1.094+0i       
    878    4     8.6     0.019658      2      0.96694      -7.7264+0i               -1.094+0i       
    879    4     8.7     0.019225      1      0.97535       -8.259+0i              -1.0875+0i       
    880    4     8.7     0.019225      2      0.97535       -8.259+0i              -1.0875+0i       
    881    4     8.8     0.018804      1       0.9838       -8.809+0i              -1.0817+0i       
    882    4     8.8     0.018804      2       0.9838       -8.809+0i              -1.0817+0i       
    883    4     8.9     0.018395      1      0.99228      -9.3771+0i              -1.0764+0i       
    884    4     8.9     0.018395      2      0.99228      -9.3771+0i              -1.0764+0i       
    885    4       9          NaN    NaN          NaN          NaN+0i                  NaN+0i       
    886    4       9          NaN    NaN          NaN          NaN+0i                  NaN+0i       
    887    4     9.1          NaN    NaN          NaN          NaN+0i                  NaN+0i       
    888    4     9.1          NaN    NaN          NaN          NaN+0i                  NaN+0i       
    889    4     9.2          NaN    NaN          NaN          NaN+0i                  NaN+0i       
    890    4     9.2          NaN    NaN          NaN          NaN+0i                  NaN+0i       
    891    4     9.3          NaN    NaN          NaN          NaN+0i                  NaN+0i       
    892    4     9.3          NaN    NaN          NaN          NaN+0i                  NaN+0i       
    893    4     9.4          NaN    NaN          NaN          NaN+0i                  NaN+0i       
    894    4     9.4          NaN    NaN          NaN          NaN+0i                  NaN+0i       
    895    4     9.5          NaN    NaN          NaN          NaN+0i                  NaN+0i       
    896    4     9.5          NaN    NaN          NaN          NaN+0i                  NaN+0i       
    897    4     9.6          NaN    NaN          NaN          NaN+0i                  NaN+0i       
    898    4     9.6          NaN    NaN          NaN          NaN+0i                  NaN+0i       
    899    4     9.7          NaN    NaN          NaN          NaN+0i                  NaN+0i       
    900    4     9.7          NaN    NaN          NaN          NaN+0i                  NaN+0i       
    901    4     9.8          NaN    NaN          NaN          NaN+0i                  NaN+0i       
    902    4     9.8          NaN    NaN          NaN          NaN+0i                  NaN+0i       
    903    4     9.9          NaN    NaN          NaN          NaN+0i                  NaN+0i       
    904    4     9.9          NaN    NaN          NaN          NaN+0i                  NaN+0i       
    905    4      10          NaN    NaN          NaN          NaN+0i                  NaN+0i       
    906    4      10          NaN    NaN          NaN          NaN+0i                  NaN+0i       